0 0
1 0
2 0
3 0
4 0
5 0
6 0
7 0
8 0
9 0
10 0
11 0
12 0
13 0
14 0
15 0
16 0
17 0
18 0
19 0
20 0
21 0
22 0
23 0
24 0
25 0
26 0
27 0
28 0
29 0
30 0
31 0
32 0
33 0
34 1
35 0
36 0
37 0
38 0
39 0
40 0
41 0
42 0
43 0
44 0
45 0
46 0
47 0
48 0
49 0
50 0
51 0
52 0
53 0
54 0
55 0
56 0
57 0
58 15
59 0
60 0
61 0
62 0
63 0
64 0
65 0
66 0
67 0
68 0
69 0
70 0
71 0
72 0
73 0
74 0
75 0
76 0
77 0
78 0
79 0
80 0
81 0
82 0
83 0
84 0
85 0
86 0
87 0
88 0
89 0
90 0
91 0
92 0
93 0
94 0
95 0
96 0
97 0
98 0
99 0
100 0
101 0
102 0
103 0
104 0
105 0
106 0
107 8
108 0
109 0
110 0
111 0
112 0
113 0
114 0
115 0
116 0
117 0
118 0
119 0
120 0
121 0
122 0
123 0
124 0
125 0
126 0
127 0
128 0
129 0
130 0
131 0
132 0
133 0
134 0
135 0
136 12
137 0
138 0
139 0
140 0
141 0
142 0
143 0
144 0
145 0
146 0
147 0
148 0
149 0
150 0
151 0
152 0
153 0
154 0
155 0
156 0
157 0
158 0
159 0
160 0
161 0
162 0
163 0
164 0
165 0
166 0
167 0
168 0
169 0
170 0
171 0
172 0
173 1
174 0
175 0
176 0
177 0
178 0
179 0
180 0
181 0
182 0
183 0
184 0
185 0
186 0
187 0
188 0
189 0
190 0
191 0
192 0
193 0
194 0
195 0
196 0
197 0
198 1
199 0
200 0
201 0
202 0
203 0
204 0
205 0
206 0
207 0
208 0
209 0
210 0
211 0
212 0
213 0
214 0
215 0
216 0
217 0
218 0
219 0
220 0
221 0
222 0
223 0
224 0
225 0
226 0
227 0
228 0
229 0
230 0
231 0
232 0
233 0
234 0
235 0
236 0
237 0
238 0
239 0
240 0
241 0
242 0
243 0
244 0
245 0
246 0
247 0
248 0
249 0
250 0
251 0
252 0
253 0
254 0
255 0
256 0
257 0
258 0
259 0
260 0
261 0
262 0
263 0
264 0
265 0
266 0
267 0
268 0
269 0
270 0
271 0
272 0
273 0
274 0
275 0
276 0
277 0
278 0
279 0
280 0
281 0
282 0
283 0
284 0
285 0
286 0
287 0
288 0
289 0
290 0
291 0
292 0
293 0
294 0
295 0
296 0
297 0
298 0
299 0
300 0
301 0
302 0
303 0
304 0
305 0
306 0
307 0
308 0
309 0
310 0
311 0
312 0
313 0
314 0
315 0
316 0
317 0
318 0
319 0
320 0
321 0
322 0
323 0
324 0
325 0
326 0
327 0
328 0
329 0
330 0
331 0
332 0
333 0
334 0
335 0
336 0
337 0
338 0
339 0
340 0
341 0
342 0
343 0
344 0
345 0
346 0
347 0
348 1
349 1
350 1
351 1
352 1
353 1
354 1
355 1
356 1
357 1
358 1
359 1
360 1
361 1
362 1
363 1
364 1
365 1
366 1
367 1
368 1
369 1
370 1
371 1
372 1
373 1
374 1
375 1
376 1
377 1
378 1
379 1
380 1
381 1
382 1
383 1
384 1
385 1
386 1
387 1
388 1
389 7
390 1
391 1
392 1
393 1
394 1
395 1
396 1
397 1
398 1
399 1
400 1
401 1
402 1
403 1
404 1
405 1
406 1
407 1
408 1
409 1
410 1
411 1
412 1
413 1
414 1
415 1
416 1
417 1
418 1
419 1
420 1
421 1
422 1
423 1
424 1
425 1
426 1
427 1
428 1
429 1
430 1
431 1
432 1
433 1
434 1
435 1
436 1
437 1
438 1
439 1
440 1
441 1
442 1
443 1
444 1
445 1
446 1
447 1
448 1
449 1
450 1
451 1
452 1
453 1
454 1
455 1
456 1
457 1
458 1
459 1
460 1
461 1
462 1
463 1
464 1
465 1
466 1
467 1
468 1
469 1
470 1
471 1
472 1
473 1
474 1
475 1
476 1
477 1
478 1
479 1
480 1
481 1
482 1
483 1
484 1
485 1
486 1
487 1
488 1
489 1
490 1
491 1
492 1
493 1
494 1
495 1
496 1
497 1
498 1
499 1
500 1
501 1
502 1
503 1
504 1
505 1
506 1
507 1
508 1
509 1
510 1
511 1
512 1
513 1
514 1
515 1
516 1
517 1
518 1
519 1
520 1
521 1
522 1
523 1
524 1
525 1
526 1
527 1
528 1
529 1
530 1
531 1
532 1
533 1
534 1
535 1
536 1
537 1
538 1
539 1
540 1
541 1
542 1
543 1
544 1
545 1
546 1
547 1
548 1
549 1
550 1
551 1
552 1
553 1
554 1
555 1
556 1
557 1
558 1
559 1
560 1
561 1
562 1
563 1
564 1
565 1
566 1
567 1
568 1
569 1
570 1
571 1
572 1
573 1
574 1
575 1
576 2
577 2
578 2
579 1
580 1
581 1
582 2
583 2
584 1
585 1
586 1
587 1
588 1
589 1
590 1
591 1
592 1
593 1
594 3
595 2
596 7
597 1
598 1
599 2
600 2
601 1
602 1
603 1
604 1
605 1
606 1
607 1
608 1
609 1
610 1
611 1
612 1
613 1
614 1
615 2
616 1
617 1
618 1
619 1
620 1
621 1
622 1
623 1
624 1
625 1
626 1
627 2
628 2
629 1
630 1
631 1
632 2
633 1
634 1
635 2
636 1
637 1
638 1
639 1
640 2
641 1
642 1
643 2
644 1
645 1
646 1
647 2
648 1
649 1
650 2
651 1
652 1
653 1
654 1
655 1
656 1
657 1
658 2
659 2
660 1
661 2
662 2
663 1
664 1
665 2
666 1
667 3
668 1
669 1
670 2
671 1
672 1
673 1
674 1
675 2
676 1
677 1
678 1
679 1
680 1
681 2
682 1
683 1
684 1
685 1
686 4
687 4
688 4
689 4
690 4
691 4
692 4
693 4
694 4
695 4
696 4
697 4
698 4
699 4
700 4
701 4
702 4
703 4
704 4
705 4
706 4
707 4
708 4
709 4
710 4
711 4
712 4
713 4
714 4
715 4
716 4
717 4
718 4
719 4
720 4
721 4
722 4
723 4
724 4
725 4
726 4
727 4
728 4
729 4
730 4
731 4
732 4
733 4
734 4
735 4
736 4
737 4
738 4
739 4
740 4
741 4
742 4
743 4
744 4
745 4
746 4
747 4
748 4
749 4
750 4
751 4
752 4
753 4
754 4
755 4
756 4
757 4
758 4
759 4
760 4
761 4
762 4
763 4
764 4
765 4
766 4
767 4
768 4
769 4
770 4
771 4
772 4
773 4
774 4
775 4
776 4
777 4
778 4
779 4
780 4
781 4
782 4
783 4
784 4
785 4
786 4
787 4
788 4
789 4
790 4
791 4
792 4
793 4
794 4
795 4
796 4
797 4
798 4
799 4
800 4
801 4
802 4
803 4
804 4
805 4
806 4
807 4
808 4
809 4
810 4
811 4
812 4
813 4
814 4
815 4
816 4
817 4
818 4
819 4
820 4
821 4
822 4
823 4
824 4
825 4
826 4
827 4
828 4
829 4
830 4
831 4
832 4
833 4
834 4
835 4
836 4
837 4
838 4
839 4
840 4
841 4
842 4
843 4
844 4
845 4
846 4
847 4
848 4
849 4
850 4
851 4
852 4
853 4
854 4
855 4
856 4
857 16
858 4
859 4
860 4
861 4
862 16
863 4
864 4
865 16
866 4
867 4
868 16
869 4
870 4
871 4
872 4
873 4
874 4
875 4
876 4
877 4
878 4
879 4
880 4
881 4
882 4
883 4
884 4
885 4
886 4
887 4
888 4
889 4
890 4
891 4
892 4
893 4
894 4
895 4
896 7
897 8
898 7
899 8
900 6
901 9
902 7
903 9
904 8
905 1
906 8
907 8
908 6
909 6
910 1
911 8
912 1
913 7
914 7
915 1
916 8
917 7
918 8
919 7
920 8
921 8
922 8
923 6
924 7
925 8
926 8
927 8
928 6
929 6
930 1
931 1
932 8
933 7
934 8
935 7
936 1
937 7
938 9
939 1
940 7
941 7
942 7
943 7
944 7
945 7
946 8
947 8
948 1
949 7
950 6
951 6
952 8
953 8
954 7
955 6
956 9
957 7
958 9
959 8
960 8
961 8
962 1
963 9
964 7
965 7
966 8
967 8
968 7
969 7
970 6
971 7
972 8
973 8
974 7
975 7
976 1
977 7
978 8
979 9
980 8
981 7
982 8
983 8
984 7
985 7
986 7
987 9
988 7
989 7
990 15
991 8
992 9
993 8
994 7
995 8
996 8
997 8
998 8
999 8
1000 7
1001 1
1002 5
1003 8
1004 8
1005 7
1006 8
1007 7
1008 8
1009 7
1010 7
1011 7
1012 1
1013 7
1014 7
1015 7
1016 9
1017 8
1018 7
1019 7
1020 7
1021 7
1022 8
1023 6
1024 8
1025 1
1026 8
1027 5
1028 8
1029 8
1030 6
1031 6
1032 7
1033 6
1034 8
1035 7
1036 7
1037 7
1038 8
1039 8
1040 8
1041 7
1042 7
1043 6
1044 7
1045 6
1046 8
1047 8
1048 8
1049 8
1050 8
1051 7
1052 7
1053 9
1054 8
1055 8
1056 8
1057 9
1058 8
1059 8
1060 7
1061 6
1062 7
1063 8
1064 1
1065 7
1066 7
1067 7
1068 8
1069 8
1070 7
1071 8
1072 7
1073 6
1074 8
1075 8
1076 8
1077 8
1078 8
1079 8
1080 1
1081 7
1082 7
1083 8
1084 8
1085 16
1086 8
1087 8
1088 6
1089 7
1090 7
1091 8
1092 8
1093 7
1094 1
1095 1
1096 8
1097 9
1098 6
1099 7
1100 7
1101 8
1102 7
1103 7
1104 7
1105 5
1106 7
1107 8
1108 7
1109 7
1110 8
1111 6
1112 8
1113 1
1114 1
1115 7
1116 8
1117 8
1118 9
1119 8
1120 7
1121 7
1122 1
1123 8
1124 8
1125 8
1126 8
1127 7
1128 8
1129 7
1130 8
1131 7
1132 8
1133 8
1134 7
1135 8
1136 6
1137 9
1138 9
1139 7
1140 15
1141 7
1142 1
1143 7
1144 6
1145 8
1146 8
1147 7
1148 7
1149 8
1150 8
1151 8
1152 7
1153 8
1154 1
1155 1
1156 8
1157 8
1158 7
1159 7
1160 8
1161 8
1162 1
1163 8
1164 8
1165 6
1166 7
1167 7
1168 7
1169 7
1170 7
1171 8
1172 8
1173 8
1174 6
1175 8
1176 7
1177 9
1178 6
1179 1
1180 8
1181 8
1182 8
1183 7
1184 8
1185 8
1186 9
1187 6
1188 7
1189 7
1190 7
1191 8
1192 7
1193 6
1194 8
1195 8
1196 8
1197 6
1198 8
1199 8
1200 8
1201 8
1202 8
1203 6
1204 7
1205 8
1206 8
1207 8
1208 5
1209 8
1210 1
1211 8
1212 1
1213 7
1214 8
1215 7
1216 9
1217 7
1218 9
1219 8
1220 8
1221 7
1222 8
1223 1
1224 8
1225 7
1226 7
1227 7
1228 7
1229 7
1230 8
1231 7
1232 9
1233 7
1234 1
1235 7
1236 7
1237 1
1238 8
1239 8
1240 9
1241 7
1242 8
1243 8
1244 7
1245 7
1246 7
1247 7
1248 7
1249 7
1250 8
1251 6
1252 6
1253 8
1254 6
1255 8
1256 8
1257 7
1258 7
1259 7
1260 7
1261 7
1262 8
1263 1
1264 7
1265 8
1266 8
1267 8
1268 7
1269 8
1270 8
1271 8
1272 8
1273 7
1274 6
1275 7
1276 8
1277 7
1278 8
1279 7
1280 8
1281 7
1282 7
1283 8
1284 7
1285 8
1286 7
1287 8
1288 8
1289 8
1290 8
1291 8
1292 7
1293 8
1294 1
1295 1
1296 7
1297 8
1298 7
1299 7
1300 1
1301 8
1302 8
1303 7
1304 7
1305 8
1306 7
1307 6
1308 7
1309 7
1310 7
1311 7
1312 8
1313 1
1314 9
1315 7
1316 7
1317 6
1318 1
1319 9
1320 1
1321 8
1322 7
1323 8
1324 7
1325 6
1326 8
1327 8
1328 6
1329 8
1330 8
1331 8
1332 1
1333 9
1334 8
1335 8
1336 8
1337 8
1338 7
1339 8
1340 8
1341 8
1342 1
1343 7
1344 8
1345 7
1346 8
1347 7
1348 7
1349 1
1350 7
1351 8
1352 8
1353 9
1354 7
1355 7
1356 1
1357 1
1358 1
1359 8
1360 6
1361 8
1362 7
1363 9
1364 7
1365 8
1366 7
1367 8
1368 6
1369 8
1370 8
1371 9
1372 1
1373 7
1374 1
1375 8
1376 8
1377 8
1378 9
1379 7
1380 8
1381 7
1382 7
1383 8
1384 6
1385 7
1386 8
1387 8
1388 8
1389 8
1390 8
1391 8
1392 7
1393 8
1394 9
1395 8
1396 7
1397 1
1398 8
1399 8
1400 1
1401 8
1402 8
1403 9
1404 7
1405 8
1406 7
1407 8
1408 1
1409 8
1410 6
1411 8
1412 7
1413 7
1414 7
1415 7
1416 8
1417 7
1418 7
1419 8
1420 8
1421 6
1422 1
1423 7
1424 9
1425 1
1426 7
1427 1
1428 7
1429 7
1430 1
1431 8
1432 7
1433 6
1434 8
1435 7
1436 7
1437 8
1438 7
1439 8
1440 8
1441 8
1442 8
1443 1
1444 7
1445 6
1446 1
1447 8
1448 7
1449 8
1450 15
1451 7
1452 9
1453 1
1454 7
1455 1
1456 8
1457 8
1458 8
1459 7
1460 8
1461 8
1462 7
1463 8
1464 1
1465 12
1466 8
1467 8
1468 9
1469 7
1470 8
1471 8
1472 7
1473 7
1474 7
1475 7
1476 8
1477 8
1478 1
1479 7
1480 8
1481 7
1482 7
1483 8
1484 8
1485 8
1486 8
1487 1
1488 8
1489 7
1490 1
1491 8
1492 7
1493 9
1494 6
1495 7
1496 7
1497 1
1498 8
1499 9
1500 7
1501 8
1502 7
1503 7
1504 7
1505 15
1506 1
1507 7
1508 7
1509 8
1510 7
1511 6
1512 1
1513 8
1514 1
1515 7
1516 8
1517 8
1518 8
1519 8
1520 8
1521 8
1522 8
1523 8
1524 8
1525 7
1526 1
1527 8
1528 8
1529 7
1530 8
1531 7
1532 8
1533 9
1534 15
1535 8
1536 7
1537 8
1538 8
1539 8
1540 8
1541 7
1542 8
1543 1
1544 8
1545 1
1546 9
1547 8
1548 9
1549 1
1550 7
1551 8
1552 8
1553 6
1554 8
1555 6
1556 8
1557 8
1558 8
1559 8
1560 8
1561 8
1562 9
1563 8
1564 8
1565 1
1566 1
1567 6
1568 9
1569 7
1570 8
1571 8
1572 8
1573 7
1574 1
1575 7
1576 7
1577 12
1578 7
1579 6
1580 8
1581 8
1582 7
1583 7
1584 8
1585 8
1586 8
1587 7
1588 6
1589 8
1590 8
1591 7
1592 7
1593 6
1594 8
1595 7
1596 7
1597 8
1598 8
1599 1
1600 8
1601 9
1602 1
1603 8
1604 8
1605 8
1606 1
1607 9
1608 8
1609 8
1610 8
1611 7
1612 8
1613 8
1614 8
1615 6
1616 1
1617 8
1618 8
1619 8
1620 8
1621 8
1622 8
1623 8
1624 7
1625 1
1626 8
1627 5
1628 7
1629 9
1630 7
1631 1
1632 8
1633 7
1634 7
1635 7
1636 7
1637 8
1638 7
1639 8
1640 7
1641 6
1642 15
1643 8
1644 8
1645 1
1646 7
1647 7
1648 9
1649 7
1650 7
1651 8
1652 8
1653 8
1654 1
1655 7
1656 15
1657 1
1658 7
1659 8
1660 1
1661 7
1662 8
1663 8
1664 7
1665 8
1666 15
1667 7
1668 8
1669 8
1670 8
1671 1
1672 7
1673 1
1674 8
1675 8
1676 6
1677 1
1678 8
1679 1
1680 7
1681 7
1682 7
1683 8
1684 15
1685 8
1686 7
1687 6
1688 8
1689 8
1690 7
1691 7
1692 1
1693 9
1694 1
1695 1
1696 1
1697 8
1698 6
1699 7
1700 8
1701 6
1702 8
1703 7
1704 7
1705 6
1706 7
1707 8
1708 6
1709 7
1710 8
1711 8
1712 8
1713 7
1714 8
1715 7
1716 7
1717 8
1718 12
1719 6
1720 7
1721 8
1722 8
1723 8
1724 8
1725 7
1726 15
1727 7
1728 7
1729 7
1730 8
1731 1
1732 7
1733 9
1734 8
1735 8
1736 8
1737 8
1738 7
1739 7
1740 1
1741 8
1742 7
1743 1
1744 1
1745 7
1746 8
1747 9
1748 7
1749 7
1750 8
1751 7
1752 8
1753 8
1754 8
1755 7
1756 7
1757 8
1758 15
1759 7
1760 9
1761 8
1762 1
1763 1
1764 7
1765 8
1766 1
1767 1
1768 8
1769 8
1770 7
1771 8
1772 8
1773 1
1774 8
1775 8
1776 1
1777 1
1778 1
1779 8
1780 8
1781 7
1782 8
1783 7
1784 9
1785 7
1786 7
1787 9
1788 6
1789 8
1790 1
1791 8
1792 8
1793 8
1794 7
1795 8
1796 8
1797 8
1798 9
1799 8
1800 8
1801 1
1802 9
1803 6
1804 8
1805 8
1806 6
1807 7
1808 1
1809 8
1810 8
1811 8
1812 7
1813 8
1814 1
1815 7
1816 8
1817 8
1818 7
1819 8
1820 7
1821 8
1822 8
1823 8
1824 7
1825 6
1826 8
1827 8
1828 7
1829 1
1830 7
1831 1
1832 8
1833 8
1834 8
1835 8
1836 8
1837 9
1838 6
1839 8
1840 7
1841 7
1842 8
1843 8
1844 1
1845 8
1846 8
1847 7
1848 7
1849 8
1850 7
1851 8
1852 8
1853 1
1854 8
1855 7
1856 8
1857 7
1858 8
1859 7
1860 8
1861 8
1862 7
1863 8
1864 8
1865 8
1866 6
1867 8
1868 8
1869 7
1870 1
1871 7
1872 7
1873 7
1874 8
1875 7
1876 7
1877 8
1878 1
1879 8
1880 9
1881 1
1882 1
1883 8
1884 7
1885 7
1886 8
1887 7
1888 8
1889 9
1890 5
1891 8
1892 9
1893 7
1894 7
1895 9
1896 9
1897 7
1898 8
1899 7
1900 8
1901 1
1902 8
1903 7
1904 7
1905 8
1906 7
1907 7
1908 6
1909 8
1910 1
1911 8
1912 12
1913 12
1914 11
1915 12
1916 12
1917 10
1918 10
1919 11
1920 12
1921 11
1922 12
1923 12
1924 13
1925 10
1926 12
1927 11
1928 11
1929 10
1930 12
1931 11
1932 12
1933 12
1934 12
1935 11
1936 12
1937 12
1938 10
1939 12
1940 12
1941 12
1942 10
1943 10
1944 12
1945 12
1946 10
1947 12
1948 12
1949 12
1950 11
1951 11
1952 12
1953 10
1954 12
1955 12
1956 12
1957 11
1958 11
1959 12
1960 12
1961 12
1962 10
1963 10
1964 12
1965 12
1966 10
1967 1
1968 11
1969 12
1970 12
1971 10
1972 11
1973 11
1974 12
1975 12
1976 11
1977 12
1978 12
1979 10
1980 11
1981 12
1982 12
1983 10
1984 10
1985 10
1986 10
1987 12
1988 13
1989 10
1990 12
1991 11
1992 13
1993 10
1994 12
1995 11
1996 12
1997 10
1998 11
1999 11
2000 11
2001 11
2002 12
2003 12
2004 11
2005 10
2006 11
2007 12
2008 12
2009 11
2010 12
2011 11
2012 11
2013 11
2014 11
2015 12
2016 11
2017 12
2018 11
2019 10
2020 10
2021 10
2022 11
2023 12
2024 11
2025 11
2026 12
2027 11
2028 12
2029 12
2030 10
2031 12
2032 12
2033 10
2034 12
2035 12
2036 12
2037 10
2038 12
2039 12
2040 10
2041 12
2042 12
2043 10
2044 10
2045 10
2046 10
2047 12
2048 12
2049 12
2050 11
2051 12
2052 12
2053 12
2054 12
2055 10
2056 10
2057 12
2058 10
2059 10
2060 10
2061 11
2062 12
2063 10
2064 10
2065 12
2066 12
2067 10
2068 12
2069 10
2070 12
2071 12
2072 12
2073 10
2074 10
2075 12
2076 13
2077 10
2078 10
2079 12
2080 12
2081 12
2082 12
2083 10
2084 10
2085 12
2086 10
2087 12
2088 10
2089 12
2090 10
2091 12
2092 10
2093 10
2094 12
2095 10
2096 12
2097 11
2098 10
2099 12
2100 12
2101 12
2102 12
2103 10
2104 10
2105 12
2106 12
2107 12
2108 10
2109 10
2110 12
2111 12
2112 10
2113 12
2114 12
2115 10
2116 11
2117 12
2118 10
2119 12
2120 12
2121 10
2122 10
2123 10
2124 10
2125 12
2126 12
2127 12
2128 12
2129 12
2130 12
2131 10
2132 12
2133 12
2134 12
2135 12
2136 10
2137 12
2138 12
2139 10
2140 10
2141 12
2142 10
2143 12
2144 12
2145 12
2146 12
2147 10
2148 12
2149 12
2150 10
2151 12
2152 12
2153 12
2154 10
2155 12
2156 12
2157 11
2158 12
2159 11
2160 12
2161 12
2162 12
2163 12
2164 10
2165 10
2166 12
2167 12
2168 12
2169 12
2170 13
2171 11
2172 10
2173 12
2174 12
2175 12
2176 12
2177 12
2178 12
2179 10
2180 12
2181 12
2182 12
2183 12
2184 10
2185 12
2186 12
2187 12
2188 10
2189 12
2190 10
2191 12
2192 11
2193 12
2194 12
2195 12
2196 12
2197 12
2198 12
2199 12
2200 10
2201 10
2202 11
2203 12
2204 12
2205 12
2206 10
2207 13
2208 12
2209 12
2210 10
2211 12
2212 10
2213 10
2214 12
2215 12
2216 10
2217 12
2218 10
2219 12
2220 10
2221 12
2222 12
2223 12
2224 12
2225 11
2226 12
2227 12
2228 12
2229 10
2230 12
2231 12
2232 12
2233 10
2234 10
2235 12
2236 12
2237 10
2238 12
2239 12
2240 10
2241 12
2242 12
2243 12
2244 10
2245 12
2246 12
2247 12
2248 12
2249 12
2250 12
2251 12
2252 12
2253 10
2254 12
2255 13
2256 12
2257 10
2258 10
2259 12
2260 12
2261 10
2262 10
2263 12
2264 12
2265 12
2266 10
2267 12
2268 12
2269 12
2270 12
2271 10
2272 12
2273 12
2274 12
2275 10
2276 10
2277 12
2278 10
2279 12
2280 12
2281 12
2282 12
2283 12
2284 11
2285 12
2286 12
2287 10
2288 10
2289 12
2290 10
2291 12
2292 12
2293 12
2294 12
2295 12
2296 12
2297 11
2298 12
2299 10
2300 10
2301 12
2302 12
2303 10
2304 12
2305 12
2306 10
2307 10
2308 10
2309 10
2310 12
2311 10
2312 12
2313 12
2314 12
2315 12
2316 12
2317 12
2318 12
2319 12
2320 13
2321 12
2322 12
2323 10
2324 10
2325 12
2326 10
2327 12
2328 12
2329 10
2330 12
2331 10
2332 12
2333 12
2334 10
2335 12
2336 12
2337 11
2338 12
2339 10
2340 10
2341 12
2342 12
2343 12
2344 12
2345 12
2346 11
2347 10
2348 10
2349 13
2350 10
2351 12
2352 10
2353 10
2354 10
2355 12
2356 10
2357 12
2358 12
2359 10
2360 12
2361 12
2362 12
2363 10
2364 11
2365 11
2366 12
2367 12
2368 12
2369 10
2370 10
2371 12
2372 12
2373 12
2374 10
2375 12
2376 10
2377 12
2378 11
2379 12
2380 12
2381 10
2382 12
2383 10
2384 12
2385 12
2386 10
2387 10
2388 12
2389 12
2390 12
2391 10
2392 10
2393 10
2394 12
2395 10
2396 12
2397 12
2398 12
2399 12
2400 12
2401 13
2402 12
2403 12
2404 10
2405 12
2406 12
2407 10
2408 10
2409 10
2410 10
2411 12
2412 12
2413 12
2414 10
2415 12
2416 12
2417 12
2418 10
2419 12
2420 12
2421 12
2422 12
2423 10
2424 12
2425 12
2426 13
2427 10
2428 10
2429 10
2430 10
2431 12
2432 12
2433 10
2434 12
2435 11
2436 12
2437 12
2438 12
2439 12
2440 12
2441 12
2442 10
2443 10
2444 13
2445 12
2446 10
2447 11
2448 12
2449 10
2450 12
2451 12
2452 12
2453 12
2454 10
2455 12
2456 12
2457 12
2458 12
2459 11
2460 10
2461 12
2462 10
2463 12
2464 10
2465 12
2466 13
2467 10
2468 10
2469 10
2470 12
2471 12
2472 12
2473 12
2474 12
2475 12
2476 10
2477 10
2478 10
2479 12
2480 12
2481 12
2482 10
2483 12
2484 10
2485 10
2486 13
2487 12
2488 12
2489 10
2490 13
2491 12
2492 10
2493 12
2494 11
2495 10
2496 12
2497 12
2498 12
2499 10
2500 10
2501 12
2502 12
2503 12
2504 10
2505 12
2506 10
2507 10
2508 12
2509 12
2510 12
2511 12
2512 12
2513 13
2514 12
2515 13
2516 12
2517 12
2518 12
2519 12
2520 10
2521 10
2522 12
2523 12
2524 10
2525 12
2526 10
2527 12
2528 12
2529 12
2530 12
2531 12
2532 10
2533 12
2534 12
2535 12
2536 10
2537 12
2538 11
2539 10
2540 12
2541 12
2542 10
2543 10
2544 12
2545 10
2546 10
2547 12
2548 12
2549 10
2550 10
2551 10
2552 10
2553 10
2554 10
2555 12
2556 10
2557 12
2558 12
2559 10
2560 10
2561 10
2562 12
2563 10
2564 10
2565 12
2566 12
2567 12
2568 12
2569 12
2570 12
2571 12
2572 12
2573 10
2574 10
2575 10
2576 10
2577 12
2578 10
2579 10
2580 12
2581 12
2582 12
2583 11
2584 10
2585 11
2586 10
2587 12
2588 12
2589 12
2590 10
2591 10
2592 12
2593 10
2594 12
2595 12
2596 12
2597 12
2598 12
2599 12
2600 10
2601 10
2602 10
2603 12
2604 10
2605 12
2606 10
2607 10
2608 12
2609 12
2610 12
2611 10
2612 12
2613 10
2614 12
2615 10
2616 12
2617 12
2618 12
2619 10
2620 11
2621 12
2622 13
2623 10
2624 10
2625 10
2626 11
2627 11
2628 12
2629 12
2630 10
2631 10
2632 12
2633 11
2634 12
2635 12
2636 11
2637 12
2638 10
2639 11
2640 11
2641 12
2642 12
2643 12
2644 12
2645 11
2646 10
2647 11
2648 11
2649 12
2650 13
2651 12
2652 12
2653 12
2654 10
2655 10
2656 12
2657 11
2658 11
2659 11
2660 11
2661 15
2662 15
2663 14
2664 14
2665 15
2666 14
2667 15
2668 15
2669 14
2670 15
2671 15
2672 15
2673 14
2674 15
2675 15
2676 14
2677 15
2678 15
2679 14
2680 14
2681 14
2682 15
2683 14
2684 15
2685 15
2686 15
2687 15
2688 15
2689 14
2690 15
2691 15
2692 15
2693 15
2694 14
2695 14
2696 15
2697 15
2698 14
2699 15
2700 15
2701 15
2702 15
2703 15
2704 0
2705 14
2706 14
2707 15
2708 15
2709 15
2710 14
2711 15
2712 15
2713 15
2714 15
2715 15
2716 15
2717 14
2718 15
2719 15
2720 15
2721 15
2722 15
2723 15
2724 15
2725 15
2726 14
2727 15
2728 15
2729 14
2730 15
2731 14
2732 15
2733 15
2734 15
2735 15
2736 15
2737 15
2738 14
2739 15
2740 0
2741 14
2742 15
2743 14
2744 15
2745 14
2746 14
2747 15
2748 15
2749 14
2750 14
2751 15
2752 15
2753 15
2754 14
2755 14
2756 14
2757 14
2758 15
2759 14
2760 15
2761 14
2762 15
2763 14
2764 15
2765 15
2766 14
2767 15
2768 15
2769 14
2770 15
2771 15
2772 15
2773 14
2774 15
2775 15
2776 15
2777 14
2778 15
2779 15
2780 15
2781 15
2782 14
2783 15
2784 15
2785 15
2786 14
2787 15
2788 15
2789 14
2790 15
2791 15
2792 15
2793 15
2794 14
2795 15
2796 15
2797 15
2798 14
2799 15
2800 14
2801 15
2802 15
2803 15
2804 15
2805 15
2806 14
2807 14
2808 15
2809 14
2810 14
2811 15
2812 15
2813 15
2814 15
2815 14
2816 15
2817 15
2818 15
2819 15
2820 15
2821 14
2822 15
2823 15
2824 15
2825 15
2826 15
2827 14
2828 15
2829 15
2830 15
2831 15
2832 15
2833 15
2834 15
2835 14
2836 15
2837 14
2838 15
2839 14
2840 15
2841 15
2842 15
2843 15
2844 15
2845 15
2846 15
2847 15
2848 15
2849 15
2850 14
2851 14
2852 14
2853 15
2854 14
2855 15
2856 15
2857 15
2858 15
2859 15
2860 15
2861 15
2862 14
2863 15
2864 14
2865 15
2866 14
2867 14
2868 15
2869 15
2870 15
2871 15
2872 14
2873 14
2874 14
2875 15
2876 15
2877 14
2878 15
2879 15
2880 14
2881 15
2882 15
2883 15
2884 14
2885 15
2886 15
2887 14
2888 14
2889 15
2890 14
2891 14
2892 15
2893 15
2894 15
2895 15
2896 14
2897 14
2898 15
2899 14
2900 15
2901 15
2902 15
2903 15
2904 15
2905 14
2906 14
2907 14
2908 14
2909 14
2910 14
2911 14
2912 14
2913 14
2914 15
2915 14
2916 14
2917 14
2918 15
2919 14
2920 14
2921 15
2922 15
2923 15
2924 14
2925 14
2926 15
2927 14
2928 14
2929 14
2930 15
2931 14
2932 15
2933 15
2934 15
2935 15
2936 15
2937 15
2938 15
2939 15
2940 14
2941 15
2942 15
2943 14
2944 14
2945 14
2946 14
2947 15
2948 14
2949 15
2950 15
2951 15
2952 14
2953 14
2954 15
2955 15
2956 14
2957 15
2958 15
2959 15
2960 14
2961 14
2962 15
2963 14
2964 15
2965 15
2966 14
2967 14
2968 15
2969 14
2970 15
2971 15
2972 15
2973 15
2974 14
2975 15
2976 15
2977 14
2978 14
2979 15
2980 15
2981 14
2982 15
2983 15
2984 15
2985 14
2986 14
2987 14
2988 14
2989 15
2990 15
2991 15
2992 15
2993 14
2994 14
2995 15
2996 15
2997 15
2998 15
2999 15
3000 14
3001 15
3002 15
3003 15
3004 14
3005 15
3006 15
3007 15
3008 15
3009 15
3010 14
3011 15
3012 15
3013 15
3014 14
3015 15
3016 15
3017 15
3018 15
3019 15
3020 15
3021 15
3022 14
3023 14
3024 15
3025 14
3026 14
3027 15
3028 15
3029 14
3030 14
3031 15
3032 15
3033 14
3034 15
3035 15
3036 14
3037 15
3038 15
3039 15
3040 14
3041 15
3042 14
3043 15
3044 14
3045 14
3046 15
3047 14
3048 15
3049 15
3050 15
3051 15
3052 14
3053 15
3054 14
3055 15
3056 14
3057 15
3058 15
3059 14
3060 15
3061 15
3062 15
3063 15
3064 14
3065 14
3066 15
3067 15
3068 15
3069 15
3070 15
3071 15
3072 15
3073 14
3074 15
3075 15
3076 15
3077 15
3078 14
3079 15
3080 14
3081 15
3082 15
3083 15
3084 14
3085 14
3086 15
3087 15
3088 15
3089 15
3090 14
3091 15
3092 14
3093 15
3094 15
3095 14
3096 14
3097 15
3098 14
3099 15
3100 15
3101 15
3102 15
3103 15
3104 14
3105 15
3106 15
3107 15
3108 14
3109 15
3110 15
3111 15
3112 15
3113 15
3114 14
3115 15
3116 15
3117 14
3118 15
3119 14
3120 15
3121 15
3122 15
3123 14
3124 15
3125 15
3126 15
3127 15
3128 15
3129 14
3130 14
3131 15
3132 15
3133 15
3134 15
3135 14
3136 15
3137 14
3138 15
3139 14
3140 15
3141 15
3142 14
3143 14
3144 15
3145 15
3146 15
3147 15
3148 15
3149 14
3150 15
3151 15
3152 15
3153 14
3154 15
3155 15
3156 15
3157 15
3158 14
3159 15
3160 15
3161 15
3162 15
3163 14
3164 15
3165 15
3166 14
3167 15
3168 15
3169 15
3170 15
3171 15
3172 15
3173 15
3174 14
3175 15
3176 15
3177 15
3178 15
3179 15
3180 15
3181 15
3182 15
3183 15
3184 14
3185 15
3186 15
3187 15
3188 15
3189 15
3190 15
3191 15
3192 15
3193 14
3194 15
3195 14
3196 15
3197 15
3198 15
3199 15
3200 15
3201 15
3202 14
3203 15
3204 15
3205 15
3206 15
3207 15
3208 15
3209 15
3210 15
3211 15
3212 15
3213 14
3214 15
3215 15
3216 15
3217 15
3218 15
3219 15
3220 14
3221 15
3222 15
3223 15
3224 15
3225 15
3226 14
3227 14
3228 14
3229 14
3230 15
3231 14
3232 14
3233 15
3234 14
3235 15
3236 15
3237 14
3238 14
3239 15
3240 15
3241 15
3242 15
3243 14
3244 15
3245 15
3246 15
3247 15
3248 15
3249 15
3250 14
3251 15
3252 15
3253 15
3254 15
3255 15
3256 15
3257 14
3258 15
3259 15
3260 15
3261 15
3262 15
3263 15
3264 15
3265 15
3266 15
3267 15
3268 15
3269 14
3270 15
3271 15
3272 15
3273 15
3274 15
3275 15
3276 15
3277 15
3278 15
3279 15
3280 15
3281 15
3282 15
3283 15
3284 14
3285 15
3286 14
3287 15
3288 15
3289 15
3290 15
3291 15
3292 15
3293 14
3294 14
3295 15
3296 15
3297 15
3298 15
3299 15
3300 14
3301 14
3302 15
3303 14
3304 14
3305 15
3306 15
3307 15
3308 15
3309 15
3310 15
3311 15
3312 15
3313 15
3314 15
3315 14
3316 15
3317 14
3318 15
3319 15
3320 15
3321 15
3322 15
3323 15
3324 14
3325 15
3326 15
3327 15
3328 15
3329 15
3330 15
3331 15
3332 15
3333 14
3334 15
3335 15
3336 15
3337 15
3338 15
3339 14
3340 15
3341 15
3342 15
3343 15
3344 15
3345 15
3346 15
3347 15
3348 14
3349 15
3350 15
3351 15
3352 15
3353 15
3354 15
3355 15
3356 15
3357 15
3358 15
3359 15
3360 15
3361 15
3362 14
3363 14
3364 14
3365 15
3366 15
3367 15
3368 15
3369 15
3370 15
3371 15
3372 15
3373 15
3374 15
3375 15
3376 15
3377 15
3378 15
3379 15
3380 15
3381 15
3382 15
3383 15
3384 14
3385 15
3386 15
3387 14
3388 14
3389 15
3390 14
3391 15
3392 14
3393 15
3394 14
3395 15
3396 15
3397 15
3398 15
3399 14
3400 14
3401 15
3402 15
3403 15
3404 15
3405 15
3406 15
3407 15
3408 15
3409 15
3410 15
3411 15
3412 15
3413 14
3414 14
3415 15
3416 15
3417 14
3418 15
3419 15
3420 15
3421 15
3422 15
3423 15
3424 15
3425 15
3426 14
3427 15
3428 14
3429 15
3430 14
3431 15
3432 15
3433 14
3434 15
3435 14
3436 14
3437 16
3438 16
3439 16
3440 16
3441 16
3442 16
3443 17
3444 16
3445 16
3446 16
3447 16
3448 16
3449 16
3450 16
3451 16
3452 16
3453 16
3454 16
3455 16
3456 16
3457 16
3458 17
3459 17
3460 17
3461 16
3462 16
3463 17
3464 17
3465 16
3466 17
3467 16
3468 17
3469 17
3470 16
3471 16
3472 16
3473 16
3474 17
3475 16
3476 16
3477 16
3478 16
3479 16
3480 16
3481 16
3482 16
3483 17
3484 16
3485 16
3486 17
3487 16
3488 16
3489 17
3490 16
3491 16
3492 16
3493 17
3494 17
3495 16
3496 16
3497 16
3498 16
3499 17
3500 16
3501 16
3502 16
3503 16
3504 16
3505 16
3506 17
3507 17
3508 16
3509 17
3510 17
3511 17
3512 16
3513 16
3514 16
3515 17
3516 16
3517 16
3518 16
3519 16
3520 16
3521 16
3522 16
3523 16
3524 17
3525 16
3526 16
3527 16
3528 16
3529 17
3530 16
3531 16
3532 17
3533 16
3534 17
3535 17
3536 16
3537 16
3538 16
3539 17
3540 16
3541 16
3542 16
3543 16
3544 16
3545 16
3546 16
3547 16
3548 16
3549 16
3550 16
3551 16
3552 16
3553 16
3554 17
3555 17
3556 16
3557 16
3558 17
3559 16
3560 16
3561 17
3562 16
3563 16
3564 17
3565 16
3566 16
3567 16
3568 17
3569 17
3570 16
3571 16
3572 17
3573 16
3574 16
3575 16
3576 16
3577 16
3578 16
3579 16
3580 16
3581 16
3582 17
3583 17
3584 17
3585 16
3586 16
3587 16
3588 16
3589 16
3590 16
3591 17
3592 16
3593 17
3594 16
3595 16
3596 16
3597 16
3598 16
3599 16
3600 17
3601 17
3602 17
3603 16
3604 16
3605 16
3606 16
3607 16
3608 16
3609 16
3610 16
3611 16
3612 17
3613 16
3614 17
3615 16
3616 16
3617 17
3618 16
3619 16
3620 17
3621 16
3622 17
3623 17
3624 16
3625 16
3626 16
3627 16
3628 16
3629 16
3630 17
3631 17
3632 16
3633 16
3634 17
3635 16
3636 16
3637 16
3638 16
3639 16
3640 16
3641 16
3642 16
3643 17
3644 16
3645 17
3646 17
3647 16
3648 17
3649 16
3650 16
3651 16
3652 17
3653 16
3654 16
3655 16
3656 16
3657 16
3658 16
3659 16
3660 16
3661 16
3662 16
3663 16
3664 16
3665 17
3666 16
3667 16
3668 17
3669 16
3670 16
3671 17
3672 16
3673 16
3674 16
3675 16
3676 17
3677 16
3678 17
3679 16
3680 17
3681 16
3682 16
3683 16
3684 16
3685 16
3686 16
3687 16
3688 16
3689 16
3690 17
3691 16
3692 16
3693 16
3694 16
3695 16
3696 16
3697 16
3698 16
3699 16
3700 16
3701 16
3702 16
3703 16
3704 16
3705 16
3706 17
3707 16
3708 16
3709 16
3710 16
3711 17
3712 16
3713 16
3714 17
3715 16
3716 16
3717 16
3718 17
3719 17
3720 16
3721 16
3722 16
3723 16
3724 17
3725 16
3726 17
3727 16
3728 16
3729 16
3730 16
3731 16
3732 16
3733 16
3734 16
3735 16
3736 16
3737 16
3738 17
3739 16
3740 16
3741 16
3742 16
3743 16
3744 16
3745 16
3746 16
3747 16
3748 16
3749 16
3750 16
3751 16
3752 17
3753 16
3754 17
3755 16
3756 16
3757 16
3758 17
3759 16
3760 16
3761 17
3762 16
3763 17
3764 17
3765 16
3766 16
3767 17
3768 17
3769 16
3770 17
3771 16
3772 16
3773 16
3774 16
3775 16
3776 16
3777 17
3778 16
3779 16
3780 16
3781 17
3782 17
3783 16
3784 17
3785 16
3786 17
3787 16
3788 16
3789 16
3790 16
3791 16
3792 17
3793 17
3794 17
3795 16
3796 16
3797 16
3798 16
3799 16
3800 16
3801 16
3802 16
3803 17
3804 16
3805 16
3806 16
3807 16
3808 16
3809 16
3810 17
3811 16
3812 16
3813 16
3814 16
3815 16
3816 16
3817 16
3818 17
3819 16
3820 16
3821 17
3822 17
3823 17
3824 16
3825 17
3826 17
3827 16
3828 16
3829 17
3830 16
3831 16
3832 16
3833 17
3834 17
3835 16
3836 16
3837 16
3838 16
3839 16
3840 16
3841 16
3842 16
3843 17
3844 16
3845 16
3846 16
3847 16
3848 16
3849 16
3850 16
3851 16
3852 16
3853 16
3854 16
3855 17
3856 16
3857 16
3858 16
3859 16
3860 16
3861 16
3862 16
3863 16
3864 16
3865 16
3866 17
3867 16
3868 16
3869 17
3870 17
3871 16
3872 16
3873 16
3874 16
3875 16
3876 16
3877 16
3878 17
3879 16
3880 16
3881 17
3882 17
3883 16
3884 16
3885 16
3886 16
3887 16
3888 16
3889 16
3890 17
3891 16
3892 16
3893 17
3894 16
3895 17
3896 17
3897 16
3898 16
3899 16
3900 17
3901 16
3902 16
3903 17
3904 16
3905 16
3906 17
3907 16
3908 16
3909 17
3910 16
3911 16
3912 16
3913 16
3914 16
3915 17
3916 16
3917 16
3918 16
3919 16
3920 16
3921 16
3922 16
3923 16
3924 17
3925 16
3926 16
3927 17
3928 16
3929 16
3930 16
3931 17
3932 16
3933 16
3934 16
3935 16
3936 16
3937 17
3938 16
3939 16
3940 16
3941 17
3942 17
3943 16
3944 16
3945 17
3946 17
3947 17
3948 16
3949 16
3950 16
3951 17
3952 16
3953 16
3954 16
3955 17
3956 17
3957 16
3958 17
3959 16
3960 16
3961 16
3962 16
3963 16
3964 16
3965 16
3966 16
3967 16
3968 16
3969 17
3970 16
3971 16
3972 17
3973 17
3974 16
3975 16
3976 17
3977 16
3978 16
3979 16
3980 3
3981 3
3982 3
3983 3
3984 3
3985 3
3986 3
3987 3
3988 3
3989 3
3990 3
3991 3
3992 3
3993 3
3994 3
3995 3
3996 3
3997 3
3998 3
3999 3
4000 3
4001 3
4002 3
4003 3
4004 3
4005 3
4006 3
4007 3
4008 3
4009 3
4010 3
4011 3
4012 3
4013 3
4014 3
4015 3
4016 3
4017 3
4018 3
4019 3
4020 3
4021 3
4022 3
4023 3
4024 3
4025 3
4026 3
4027 3
4028 3
4029 3
4030 3
4031 3
4032 3
4033 3
4034 3
4035 3
4036 3
4037 3
4038 3
