0 5
1 52
2 3
3 9
4 73
5 5
6 3
7 73
8 75
9 3
10 3
11 7
12 9
13 42
14 9
15 9
16 45
17 65
18 52
19 29
20 75
21 30
22 9
23 45
24 40
25 65
26 3
27 45
28 75
29 0
30 65
31 9
32 5
33 45
34 64
35 73
36 45
37 9
38 45
39 45
40 65
41 42
42 65
43 9
44 65
45 75
46 5
47 5
48 73
49 75
50 80
51 79
52 75
53 52
54 45
55 75
56 9
57 65
58 45
59 5
60 15
61 28
62 65
63 67
64 45
65 83
66 3
67 58
68 45
69 45
70 75
71 65
72 75
73 45
74 59
75 52
76 45
77 42
78 75
79 45
80 52
81 65
82 58
83 42
84 75
85 45
86 45
87 75
88 73
89 64
90 9
91 76
92 1
93 45
94 3
95 5
96 52
97 5
98 9
99 3
100 3
101 9
102 65
103 75
104 73
105 73
106 73
107 9
108 75
109 59
110 42
111 59
112 9
113 65
114 65
115 42
116 5
117 52
118 40
119 75
120 9
121 15
122 59
123 9
124 52
125 5
126 52
127 5
128 65
129 5
130 65
131 45
132 45
133 3
134 5
135 75
136 65
137 75
138 65
139 45
140 9
141 73
142 9
143 75
144 45
145 65
146 75
147 9
148 45
149 45
150 59
151 42
152 42
153 73
154 52
155 45
156 41
157 65
158 3
159 45
160 52
161 52
162 45
163 65
164 9
165 75
166 45
167 3
168 45
169 31
170 75
171 73
172 2
173 45
174 5
175 2
176 45
177 82
178 75
179 3
180 52
181 65
182 40
183 3
184 45
185 65
186 52
187 45
188 9
189 52
190 3
191 65
192 45
193 1
194 52
195 73
196 75
197 9
198 9
199 15
200 9
201 15
202 65
203 65
204 61
205 45
206 73
207 33
208 76
209 65
210 9
211 75
212 73
213 45
214 9
215 3
216 30
217 52
218 3
219 75
220 9
221 9
222 52
223 9
224 65
225 47
226 73
227 65
228 73
229 65
230 52
231 3
232 9
233 65
234 65
235 52
236 63
237 9
238 59
239 34
240 9
241 3
242 9
243 15
244 65
245 79
246 3
247 59
248 57
249 73
250 9
251 3
252 42
253 45
254 45
255 65
256 3
257 5
258 71
259 45
260 9
261 65
262 8
263 4
264 45
265 45
266 45
267 5
268 52
269 0
270 42
271 65
272 9
273 9
274 45
275 22
276 52
277 52
278 9
279 65
280 5
281 65
282 45
283 45
284 65
285 3
286 65
287 62
288 45
289 52
290 65
291 25
292 9
293 41
294 3
295 52
296 73
297 52
298 14
299 9
300 3
301 65
302 59
303 15
304 65
305 45
306 5
307 5
308 3
309 52
310 45
311 65
312 5
313 76
314 40
315 3
316 45
317 73
318 75
319 65
320 65
321 7
322 75
323 52
324 75
325 0
326 73
327 14
328 6
329 9
330 52
331 75
332 9
333 45
334 65
335 75
336 75
337 73
338 75
339 9
340 52
341 9
342 3
343 0
344 75
345 65
346 3
347 5
348 52
349 45
350 75
351 40
352 42
353 3
354 65
355 75
356 52
357 15
358 75
359 9
360 65
361 40
362 5
363 75
364 65
365 59
366 3
367 65
368 45
369 3
370 25
371 42
372 0
373 52
374 61
375 5
376 52
377 73
378 65
379 9
380 65
381 64
382 45
383 9
384 75
385 3
386 58
387 45
388 75
389 64
390 75
391 75
392 9
393 3
394 3
395 73
396 64
397 5
398 65
399 65
400 65
401 45
402 75
403 75
404 58
405 31
406 65
407 25
408 75
409 52
410 65
411 40
412 3
413 5
414 73
415 73
416 65
417 65
418 42
419 14
420 65
421 52
422 30
423 3
424 26
425 45
426 9
427 65
428 73
429 5
430 64
431 40
432 42
433 3
434 5
435 9
436 75
437 3
438 0
439 45
440 75
441 9
442 9
443 73
444 45
445 52
446 75
447 3
448 73
449 61
450 9
451 65
452 15
453 59
454 15
455 61
456 9
457 65
458 62
459 15
460 73
461 5
462 52
463 9
464 9
465 65
466 65
467 45
468 65
469 65
470 75
471 5
472 9
473 65
474 64
475 40
476 9
477 52
478 52
479 75
480 73
481 52
482 73
483 52
484 9
485 42
486 9
487 3
488 65
489 55
490 65
491 2
492 75
493 65
494 75
495 45
496 45
497 61
498 65
499 65
500 65
501 64
502 75
503 65
504 9
505 25
506 5
507 51
508 9
509 29
510 52
511 9
512 3
513 61
514 75
515 9
516 75
517 65
518 15
519 75
520 52
521 5
522 73
523 62
524 42
525 65
526 7
527 45
528 45
529 9
530 45
531 26
532 75
533 65
534 75
535 9
536 65
537 75
538 5
539 45
540 9
541 52
542 75
543 0
544 75
545 75
546 9
547 45
548 65
549 45
550 45
551 37
552 65
553 65
554 75
555 58
556 73
557 9
558 52
559 65
560 5
561 42
562 3
563 75
564 3
565 42
566 5
567 65
568 65
569 75
570 5
571 15
572 3
573 73
574 9
575 3
576 52
577 41
578 65
579 9
580 52
581 65
582 5
583 3
584 3
585 3
586 76
587 59
588 9
589 65
590 22
591 5
592 67
593 0
594 5
595 45
596 7
597 3
598 3
599 45
600 64
601 3
602 3
603 40
604 5
605 52
606 45
607 5
608 9
609 9
610 75
611 52
612 45
613 9
614 42
615 52
616 52
617 3
618 7
619 9
620 42
621 75
622 3
623 75
624 45
625 9
626 75
627 5
628 9
629 65
630 9
631 75
632 3
633 75
634 52
635 75
636 5
637 7
638 9
639 65
640 42
641 30
642 9
643 9
644 82
645 45
646 45
647 75
648 45
649 5
650 65
651 73
652 5
653 65
654 14
655 52
656 3
657 65
658 45
659 65
660 52
661 5
662 45
663 52
664 65
665 5
666 9
667 3
668 65
669 9
670 3
671 59
672 64
673 47
674 65
675 65
676 75
677 73
678 84
679 3
680 55
681 65
682 5
683 65
684 3
685 65
686 40
687 22
688 5
689 73
690 73
691 75
692 52
693 45
694 45
695 73
696 65
697 52
698 9
699 65
700 74
701 65
702 52
703 15
704 45
705 42
706 9
707 65
708 73
709 45
710 75
711 9
712 3
713 73
714 70
715 65
716 26
717 5
718 45
719 45
720 5
721 45
722 9
723 45
724 3
725 9
726 75
727 5
728 9
729 45
730 65
731 52
732 65
733 73
734 5
735 52
736 9
737 52
738 5
739 65
740 52
741 65
742 65
743 65
744 17
745 52
746 45
747 5
748 10
749 3
750 5
751 65
752 0
753 9
754 65
755 44
756 75
757 45
758 75
759 45
760 5
761 40
762 9
763 65
764 17
765 25
766 45
767 75
768 9
769 42
770 75
771 73
772 45
773 45
774 11
775 69
776 5
777 3
778 73
779 9
780 3
781 22
782 5
783 52
784 45
785 73
786 15
787 5
788 75
789 75
790 75
791 75
792 75
793 75
794 11
795 84
796 40
797 3
798 75
799 65
800 65
801 65
802 52
803 3
804 73
805 65
806 9
807 61
808 65
809 65
810 0
811 30
812 46
813 42
814 59
815 3
816 45
817 9
818 9
819 40
820 65
821 15
822 75
823 25
824 46
825 65
826 45
827 9
828 5
829 45
830 42
831 45
832 9
833 73
834 45
835 47
836 75
837 37
838 65
839 42
840 30
841 73
842 75
843 9
844 65
845 45
846 0
847 65
848 52
849 14
850 9
851 65
852 65
853 75
854 75
855 45
856 65
857 45
858 75
859 65
860 3
861 40
862 9
863 83
864 83
865 75
866 42
867 58
868 85
869 3
870 3
871 52
872 52
873 32
874 40
875 5
876 5
877 81
878 75
879 73
880 78
881 24
882 52
883 83
884 9
885 42
886 75
887 75
888 9
889 9
890 40
891 64
892 52
893 9
894 75
895 75
896 9
897 12
898 5
899 73
900 75
901 9
902 45
903 52
904 73
905 73
906 65
907 0
908 65
909 65
910 73
911 52
912 65
913 52
914 45
915 52
916 59
917 3
918 30
919 9
920 45
921 0
922 59
923 65
924 65
925 5
926 9
927 73
928 52
929 75
930 45
931 45
932 9
933 52
934 65
935 5
936 73
937 9
938 45
939 75
940 8
941 52
942 52
943 73
944 65
945 5
946 59
947 65
948 3
949 9
950 52
951 65
952 22
953 75
954 70
955 73
956 73
957 45
958 52
959 52
960 75
961 9
962 3
963 45
964 9
965 35
966 59
967 45
968 5
969 45
970 45
971 0
972 9
973 15
974 1
975 30
976 52
977 9
978 72
979 3
980 5
981 9
982 9
983 65
984 3
985 45
986 73
987 0
988 47
989 3
990 75
991 7
992 52
993 45
994 64
995 9
996 52
997 9
998 64
999 45
1000 52
1001 65
1002 65
1003 75
1004 65
1005 45
1006 65
1007 65
1008 5
1009 65
1010 15
1011 45
1012 65
1013 61
1014 73
1015 58
1016 45
1017 65
1018 65
1019 65
1020 5
1021 9
1022 5
1023 45
1024 9
1025 5
1026 65
1027 75
1028 3
1029 31
1030 73
1031 52
1032 52
1033 3
1034 58
1035 45
1036 75
1037 15
1038 65
1039 65
1040 5
1041 73
1042 75
1043 45
1044 65
1045 9
1046 73
1047 65
1048 9
1049 59
1050 40
1051 15
1052 52
1053 15
1054 45
1055 31
1056 64
1057 59
1058 13
1059 0
1060 75
1061 52
1062 52
1063 44
1064 52
1065 52
1066 52
1067 81
1068 75
1069 45
1070 0
1071 3
1072 45
1073 65
1074 65
1075 75
1076 65
1077 5
1078 45
1079 52
1080 45
1081 42
1082 9
1083 45
1084 75
1085 45
1086 75
1087 22
1088 31
1089 14
1090 9
1091 73
1092 45
1093 5
1094 75
1095 59
1096 41
1097 42
1098 52
1099 52
1100 9
1101 65
1102 14
1103 65
1104 65
1105 45
1106 15
1107 73
1108 65
1109 75
1110 3
1111 65
1112 5
1113 14
1114 75
1115 75
1116 5
1117 64
1118 15
1119 45
1120 65
1121 15
1122 75
1123 41
1124 52
1125 75
1126 5
1127 65
1128 9
1129 65
1130 65
1131 9
1132 9
1133 5
1134 30
1135 75
1136 64
1137 73
1138 45
1139 75
1140 75
1141 75
1142 9
1143 45
1144 52
1145 82
1146 9
1147 75
1148 52
1149 42
1150 45
1151 42
1152 25
1153 52
1154 42
1155 5
1156 42
1157 52
1158 25
1159 3
1160 45
1161 45
1162 9
1163 73
1164 15
1165 52
1166 5
1167 75
1168 52
1169 9
1170 65
1171 65
1172 65
1173 64
1174 65
1175 9
1176 45
1177 66
1178 3
1179 73
1180 3
1181 75
1182 9
1183 9
1184 9
1185 45
1186 42
1187 43
1188 9
1189 45
1190 5
1191 52
1192 75
1193 52
1194 42
1195 9
1196 73
1197 75
1198 45
1199 73
1200 73
1201 18
1202 15
1203 52
1204 75
1205 3
1206 75
1207 75
1208 75
1209 5
1210 75
1211 9
1212 9
1213 5
1214 65
1215 45
1216 75
1217 52
1218 9
1219 45
1220 79
1221 52
1222 59
1223 42
1224 73
1225 15
1226 65
1227 45
1228 64
1229 73
1230 52
1231 45
1232 5
1233 75
1234 65
1235 75
1236 9
1237 73
1238 9
1239 45
1240 65
1241 59
1242 73
1243 3
1244 45
1245 73
1246 9
1247 75
1248 25
1249 3
1250 64
1251 59
1252 45
1253 73
1254 45
1255 5
1256 9
1257 3
1258 75
1259 9
1260 65
1261 5
1262 5
1263 9
1264 65
1265 22
1266 0
1267 16
1268 42
1269 73
1270 40
1271 75
1272 65
1273 65
1274 65
1275 73
1276 73
1277 52
1278 73
1279 64
1280 65
1281 75
1282 75
1283 9
1284 3
1285 9
1286 3
1287 61
1288 57
1289 45
1290 45
1291 5
1292 45
1293 65
1294 3
1295 65
1296 73
1297 73
1298 40
1299 40
1300 45
1301 3
1302 45
1303 52
1304 75
1305 5
1306 75
1307 14
1308 17
1309 3
1310 9
1311 9
1312 9
1313 45
1314 65
1315 30
1316 75
1317 73
1318 17
1319 75
1320 42
1321 65
1322 75
1323 52
1324 40
1325 7
1326 5
1327 73
1328 75
1329 9
1330 81
1331 30
1332 5
1333 3
1334 65
1335 73
1336 3
1337 65
1338 15
1339 73
1340 75
1341 73
1342 9
1343 9
1344 64
1345 76
1346 9
1347 25
1348 65
1349 45
1350 52
1351 9
1352 65
1353 52
1354 75
1355 3
1356 75
1357 18
1358 45
1359 75
1360 42
1361 45
1362 3
1363 65
1364 15
1365 0
1366 9
1367 65
1368 9
1369 9
1370 45
1371 9
1372 65
1373 75
1374 66
1375 75
1376 9
1377 75
1378 59
1379 65
1380 40
1381 65
1382 75
1383 9
1384 52
1385 5
1386 42
1387 65
1388 9
1389 65
1390 52
1391 3
1392 45
1393 65
1394 45
1395 73
1396 15
1397 15
1398 59
1399 3
1400 65
1401 52
1402 9
1403 64
1404 52
1405 73
1406 73
1407 73
1408 65
1409 9
1410 61
1411 65
1412 52
1413 45
1414 3
1415 9
1416 75
1417 42
1418 73
1419 66
1420 9
1421 9
1422 73
1423 75
1424 5
1425 15
1426 3
1427 30
1428 9
1429 5
1430 45
1431 5
1432 42
1433 48
1434 65
1435 15
1436 73
1437 45
1438 9
1439 45
1440 45
1441 75
1442 52
1443 31
1444 75
1445 3
1446 58
1447 42
1448 42
1449 45
1450 75
1451 5
1452 0
1453 14
1454 5
1455 75
1456 52
1457 9
1458 75
1459 64
1460 52
1461 73
1462 3
1463 52
1464 40
1465 15
1466 9
1467 45
1468 42
1469 45
1470 3
1471 5
1472 65
1473 3
1474 45
1475 9
1476 65
1477 45
1478 9
1479 5
1480 42
1481 45
1482 65
1483 5
1484 73
1485 73
1486 5
1487 52
1488 45
1489 45
1490 9
1491 3
1492 3
1493 45
1494 45
1495 73
1496 75
1497 9
1498 40
1499 52
1500 75
1501 29
1502 65
1503 59
1504 79
1505 9
1506 45
1507 30
1508 52
1509 42
1510 45
1511 65
1512 65
1513 73
1514 65
1515 19
1516 8
1517 65
1518 33
1519 75
1520 5
1521 15
1522 65
1523 75
1524 65
1525 9
1526 73
1527 59
1528 52
1529 45
1530 71
1531 75
1532 65
1533 73
1534 9
1535 3
1536 5
1537 45
1538 52
1539 3
1540 65
1541 65
1542 45
1543 65
1544 75
1545 52
1546 9
1547 65
1548 22
1549 45
1550 75
1551 3
1552 9
1553 9
1554 45
1555 65
1556 75
1557 65
1558 45
1559 75
1560 42
1561 45
1562 65
1563 52
1564 5
1565 65
1566 75
1567 65
1568 75
1569 5
1570 9
1571 9
1572 5
1573 3
1574 45
1575 7
1576 52
1577 9
1578 20
1579 52
1580 52
1581 73
1582 65
1583 14
1584 45
1585 68
1586 14
1587 40
1588 0
1589 5
1590 65
1591 3
1592 48
1593 42
1594 0
1595 65
1596 75
1597 45
1598 5
1599 75
1600 64
1601 65
1602 30
1603 9
1604 59
1605 5
1606 75
1607 3
1608 9
1609 59
1610 5
1611 65
1612 65
1613 65
1614 3
1615 8
1616 75
1617 9
1618 75
1619 65
1620 3
1621 59
1622 75
1623 52
1624 5
1625 52
1626 9
1627 45
1628 52
1629 75
1630 45
1631 75
1632 65
1633 0
1634 65
1635 5
1636 5
1637 73
1638 45
1639 42
1640 75
1641 65
1642 75
1643 3
1644 9
1645 65
1646 45
1647 15
1648 52
1649 45
1650 9
1651 75
1652 75
1653 65
1654 75
1655 65
1656 52
1657 30
1658 75
1659 52
1660 64
1661 9
1662 65
1663 75
1664 75
1665 75
1666 75
1667 75
1668 9
1669 65
1670 52
1671 75
1672 42
1673 45
1674 58
1675 30
1676 21
1677 45
1678 65
1679 59
1680 73
1681 75
1682 52
1683 9
1684 0
1685 45
1686 75
1687 9
1688 22
1689 75
1690 9
1691 73
1692 51
1693 5
1694 3
1695 52
1696 9
1697 73
1698 9
1699 42
1700 61
1701 75
1702 45
1703 52
1704 43
1705 45
1706 65
1707 8
1708 15
1709 33
1710 22
1711 75
1712 15
1713 65
1714 45
1715 22
1716 25
1717 3
1718 45
1719 75
1720 65
1721 5
1722 65
1723 61
1724 3
1725 75
1726 73
1727 3
1728 9
1729 14
1730 75
1731 45
1732 81
1733 65
1734 3
1735 64
1736 65
1737 52
1738 45
1739 75
1740 59
1741 52
1742 21
1743 65
1744 9
1745 64
1746 5
1747 45
1748 52
1749 25
1750 52
1751 73
1752 75
1753 9
1754 3
1755 3
1756 73
1757 15
1758 5
1759 75
1760 65
1761 73
1762 22
1763 3
1764 9
1765 45
1766 5
1767 52
1768 65
1769 3
1770 5
1771 45
1772 75
1773 2
1774 9
1775 75
1776 42
1777 65
1778 33
1779 65
1780 45
1781 75
1782 45
1783 52
1784 45
1785 75
1786 73
1787 45
1788 52
1789 5
1790 9
1791 11
1792 5
1793 75
1794 42
1795 3
1796 65
1797 45
1798 75
1799 45
1800 65
1801 75
1802 65
1803 3
1804 45
1805 61
1806 75
1807 52
1808 75
1809 75
1810 75
1811 75
1812 3
1813 3
1814 65
1815 65
1816 3
1817 42
1818 52
1819 5
1820 45
1821 65
1822 73
1823 45
1824 9
1825 65
1826 14
1827 75
1828 40
1829 45
1830 45
1831 65
1832 32
1833 45
1834 3
1835 75
1836 45
1837 59
1838 65
1839 45
1840 45
1841 5
1842 5
1843 52
1844 73
1845 65
1846 65
1847 65
1848 45
1849 9
1850 42
1851 76
1852 45
1853 59
1854 45
1855 45
1856 52
1857 16
1858 40
1859 73
1860 45
1861 65
1862 65
1863 65
1864 73
1865 65
1866 65
1867 75
1868 9
1869 73
1870 59
1871 66
1872 73
1873 73
1874 64
1875 45
1876 42
1877 65
1878 45
1879 45
1880 73
1881 64
1882 40
1883 65
1884 5
1885 3
1886 65
1887 52
1888 73
1889 75
1890 52
1891 65
1892 5
1893 9
1894 5
1895 3
1896 45
1897 3
1898 52
1899 64
1900 9
1901 9
1902 42
1903 3
1904 75
1905 45
1906 40
1907 3
1908 52
1909 15
1910 64
1911 65
1912 3
1913 5
1914 65
1915 34
1916 5
1917 54
1918 0
1919 5
1920 65
1921 75
1922 19
1923 3
1924 65
1925 75
1926 15
1927 73
1928 75
1929 31
1930 3
1931 14
1932 75
1933 42
1934 42
1935 5
1936 9
1937 42
1938 3
1939 3
1940 25
1941 75
1942 37
1943 75
1944 3
1945 75
1946 65
1947 75
1948 45
1949 45
1950 5
1951 3
1952 52
1953 9
1954 5
1955 3
1956 45
1957 64
1958 42
1959 76
1960 5
1961 52
1962 9
1963 30
1964 71
1965 75
1966 73
1967 65
1968 65
1969 65
1970 65
1971 65
1972 5
1973 45
1974 9
1975 75
1976 65
1977 9
1978 9
1979 52
1980 75
1981 42
1982 75
1983 52
1984 59
1985 3
1986 45
1987 64
1988 75
1989 73
1990 9
1991 45
1992 52
1993 75
1994 59
1995 75
1996 45
1997 26
1998 65
1999 75
2000 45
2001 9
2002 15
2003 5
2004 9
2005 52
2006 62
2007 5
2008 75
2009 42
2010 65
2011 65
2012 45
2013 9
2014 65
2015 42
2016 45
2017 5
2018 75
2019 8
2020 5
2021 45
2022 52
2023 73
2024 65
2025 3
2026 75
2027 52
2028 75
2029 65
2030 73
2031 65
2032 5
2033 9
2034 75
2035 57
2036 5
2037 42
2038 52
2039 30
2040 73
2041 0
2042 65
2043 9
2044 65
2045 73
2046 73
2047 65
2048 9
2049 3
2050 15
2051 30
2052 23
2053 3
2054 0
2055 65
2056 5
2057 64
2058 45
2059 3
2060 75
2061 5
2062 3
2063 75
2064 45
2065 9
2066 64
2067 73
2068 3
2069 47
2070 65
2071 42
2072 75
2073 73
2074 3
2075 75
2076 40
2077 9
2078 75
2079 9
2080 45
2081 45
2082 45
2083 65
2084 59
2085 42
2086 58
2087 75
2088 52
2089 65
2090 65
2091 3
2092 52
2093 9
2094 65
2095 9
2096 45
2097 75
2098 52
2099 75
2100 65
2101 64
2102 42
2103 45
2104 2
2105 73
2106 52
2107 9
2108 9
2109 59
2110 45
2111 15
2112 22
2113 24
2114 71
2115 65
2116 52
2117 45
2118 59
2119 52
2120 5
2121 75
2122 45
2123 22
2124 45
2125 75
2126 3
2127 45
2128 3
2129 9
2130 42
2131 65
2132 9
2133 65
2134 64
2135 52
2136 64
2137 65
2138 15
2139 45
2140 9
2141 63
2142 73
2143 52
2144 9
2145 73
2146 22
2147 45
2148 9
2149 45
2150 0
2151 65
2152 9
2153 45
2154 42
2155 9
2156 73
2157 9
2158 5
2159 45
2160 64
2161 9
2162 25
2163 20
2164 45
2165 25
2166 64
2167 3
2168 5
2169 30
2170 45
2171 52
2172 3
2173 65
2174 9
2175 0
2176 26
2177 45
2178 65
2179 8
2180 75
2181 52
2182 30
2183 45
2184 45
2185 75
2186 65
2187 40
2188 61
2189 22
2190 0
2191 5
2192 45
2193 5
2194 75
2195 5
2196 52
2197 75
2198 52
2199 42
2200 9
2201 65
2202 56
2203 75
2204 75
2205 45
2206 28
2207 65
2208 45
2209 9
2210 5
2211 30
2212 64
2213 65
2214 3
2215 52
2216 15
2217 73
2218 0
2219 65
2220 68
2221 65
2222 75
2223 65
2224 9
2225 65
2226 9
2227 9
2228 15
2229 45
2230 43
2231 65
2232 3
2233 75
2234 73
2235 68
2236 9
2237 75
2238 65
2239 15
2240 9
2241 40
2242 65
2243 5
2244 3
2245 3
2246 45
2247 9
2248 5
2249 75
2250 75
2251 3
2252 75
2253 16
2254 65
2255 45
2256 75
2257 65
2258 9
2259 75
2260 45
2261 52
2262 65
2263 75
2264 5
2265 42
2266 42
2267 42
2268 52
2269 65
2270 14
2271 9
2272 75
2273 75
2274 3
2275 9
2276 9
2277 73
2278 5
2279 3
2280 65
2281 45
2282 52
2283 9
2284 65
2285 9
2286 75
2287 74
2288 9
2289 73
2290 65
2291 3
2292 57
2293 9
2294 30
2295 45
2296 73
2297 52
2298 3
2299 5
2300 45
2301 73
2302 45
2303 45
2304 52
2305 75
2306 65
2307 45
2308 42
2309 45
2310 52
2311 15
2312 9
2313 75
2314 9
2315 45
2316 65
2317 75
2318 75
2319 5
2320 65
2321 75
2322 75
2323 18
2324 52
2325 75
2326 65
2327 15
2328 30
2329 54
2330 5
2331 45
2332 6
2333 52
2334 14
2335 52
2336 65
2337 73
2338 65
2339 59
2340 45
2341 75
2342 55
2343 75
2344 65
2345 5
2346 5
2347 5
2348 9
2349 75
2350 75
2351 76
2352 9
2353 52
2354 45
2355 73
2356 45
2357 14
2358 59
2359 45
2360 12
2361 65
2362 9
2363 47
2364 9
2365 65
2366 75
2367 65
2368 45
2369 5
2370 45
2371 45
2372 15
2373 65
2374 65
2375 3
2376 9
2377 45
2378 75
2379 9
2380 3
2381 9
2382 52
2383 65
2384 52
2385 5
2386 59
2387 3
2388 42
2389 45
2390 65
2391 9
2392 73
2393 3
2394 9
2395 9
2396 45
2397 9
2398 15
2399 45
2400 9
2401 45
2402 45
2403 65
2404 25
2405 9
2406 75
2407 27
2408 75
2409 5
2410 14
2411 45
2412 65
2413 9
2414 5
2415 3
2416 58
2417 55
2418 65
2419 75
2420 45
2421 65
2422 45
2423 9
2424 5
2425 52
2426 9
2427 75
2428 52
2429 65
2430 73
2431 75
2432 45
2433 0
2434 65
2435 65
2436 9
2437 65
2438 45
2439 26
2440 45
2441 75
2442 5
2443 9
2444 40
2445 65
2446 52
2447 52
2448 65
2449 14
2450 3
2451 45
2452 65
2453 45
2454 42
2455 40
2456 75
2457 52
2458 73
2459 41
2460 9
2461 65
2462 9
2463 52
2464 52
2465 64
2466 65
2467 9
2468 9
2469 65
2470 22
2471 52
2472 73
2473 52
2474 75
2475 1
2476 65
2477 52
2478 75
2479 52
2480 65
2481 42
2482 9
2483 64
2484 75
2485 65
2486 65
2487 45
2488 65
2489 65
2490 9
2491 39
2492 42
2493 15
2494 65
2495 76
2496 65
2497 9
2498 9
2499 42
2500 76
2501 27
2502 3
2503 65
2504 57
2505 14
2506 5
2507 75
2508 15
2509 75
2510 75
2511 73
2512 75
2513 75
2514 59
2515 9
2516 45
2517 75
2518 45
2519 45
2520 14
2521 52
2522 65
2523 15
2524 45
2525 45
2526 9
2527 75
2528 45
2529 52
2530 45
2531 73
2532 9
2533 45
2534 45
2535 52
2536 65
2537 75
2538 42
2539 52
2540 73
2541 9
2542 75
2543 65
2544 45
2545 5
2546 0
2547 52
2548 41
2549 5
2550 5
2551 45
2552 45
2553 3
2554 52
2555 45
2556 65
2557 9
2558 73
2559 5
2560 28
2561 45
2562 13
2563 9
2564 45
2565 65
2566 45
2567 64
2568 15
2569 9
2570 75
2571 65
2572 73
2573 65
2574 52
2575 75
2576 5
2577 42
2578 9
2579 9
2580 14
2581 3
2582 5
2583 9
2584 45
2585 9
2586 64
2587 45
2588 45
2589 52
2590 65
2591 75
2592 9
2593 75
2594 65
2595 15
2596 75
2597 65
2598 73
2599 22
2600 45
2601 45
2602 3
2603 65
2604 58
2605 73
2606 5
2607 65
2608 75
2609 9
2610 73
2611 65
2612 75
2613 3
2614 42
2615 42
2616 75
2617 45
2618 52
2619 52
2620 15
2621 3
2622 65
2623 75
2624 52
2625 29
2626 45
2627 45
2628 42
2629 52
2630 45
2631 65
2632 75
2633 64
2634 52
2635 75
2636 8
2637 45
2638 65
2639 52
2640 9
2641 9
2642 42
2643 3
2644 65
2645 45
2646 3
2647 65
2648 65
2649 3
2650 61
2651 42
2652 64
2653 15
2654 15
2655 5
2656 75
2657 61
2658 52
2659 5
2660 3
2661 73
2662 5
2663 64
2664 75
2665 73
2666 65
2667 3
2668 42
2669 45
2670 58
2671 71
2672 75
2673 65
2674 0
2675 45
2676 45
2677 42
2678 3
2679 9
2680 52
2681 9
2682 58
2683 69
2684 15
2685 65
2686 45
2687 82
2688 9
2689 75
2690 75
2691 3
2692 29
2693 45
2694 75
2695 3
2696 42
2697 55
2698 45
2699 9
2700 45
2701 75
2702 9
2703 3
2704 9
2705 52
2706 15
2707 75
2708 17
2709 45
2710 15
2711 0
2712 65
2713 9
2714 65
2715 75
2716 3
2717 52
2718 49
2719 45
2720 75
2721 5
2722 31
2723 5
2724 65
2725 65
2726 75
2727 45
2728 45
2729 9
2730 0
2731 82
2732 42
2733 45
2734 65
2735 31
2736 75
2737 0
2738 5
2739 21
2740 0
2741 0
2742 17
2743 75
2744 9
2745 45
2746 65
2747 3
2748 75
2749 15
2750 65
2751 45
2752 45
2753 3
2754 73
2755 9
2756 73
2757 45
2758 64
2759 75
2760 65
2761 75
2762 44
2763 65
2764 9
2765 3
2766 75
2767 65
2768 73
2769 40
2770 73
2771 73
2772 25
2773 9
2774 56
2775 9
2776 73
2777 3
2778 3
2779 73
2780 5
2781 45
2782 45
2783 73
2784 75
2785 3
2786 13
2787 75
2788 52
2789 42
2790 42
2791 65
2792 52
2793 59
2794 73
2795 5
2796 73
2797 45
2798 65
2799 52
2800 3
2801 75
2802 52
2803 22
2804 45
2805 61
2806 73
2807 75
2808 9
2809 66
2810 52
2811 40
2812 64
2813 25
2814 75
2815 62
2816 22
2817 45
2818 75
2819 52
2820 61
2821 59
2822 41
2823 9
2824 9
2825 65
2826 42
2827 23
2828 75
2829 9
2830 9
2831 5
2832 5
2833 3
2834 25
2835 42
2836 5
2837 65
2838 0
2839 3
2840 9
2841 75
2842 45
2843 45
2844 52
2845 65
2846 65
2847 65
2848 65
2849 65
2850 0
2851 3
2852 45
2853 73
2854 73
2855 5
2856 79
2857 5
2858 65
2859 52
2860 64
2861 59
2862 75
2863 5
2864 45
2865 65
2866 9
2867 15
2868 40
2869 52
2870 65
2871 67
2872 9
2873 73
2874 9
2875 65
2876 65
2877 5
2878 65
2879 8
2880 3
2881 3
2882 73
2883 45
2884 42
2885 40
2886 59
2887 75
2888 73
2889 45
2890 58
2891 45
2892 75
2893 9
2894 75
2895 75
2896 5
2897 9
2898 75
2899 45
2900 9
2901 75
2902 15
2903 5
2904 59
2905 75
2906 5
2907 42
2908 52
2909 75
2910 52
2911 45
2912 75
2913 61
2914 52
2915 5
2916 83
2917 24
2918 40
2919 52
2920 52
2921 45
2922 9
2923 75
2924 45
2925 52
2926 9
2927 45
2928 65
2929 65
2930 3
2931 45
2932 5
2933 42
2934 42
2935 75
2936 65
2937 52
2938 5
2939 3
2940 28
2941 75
2942 65
2943 73
2944 64
2945 45
2946 65
2947 73
2948 15
2949 65
2950 45
2951 52
2952 45
2953 42
2954 9
2955 75
2956 75
2957 75
2958 65
2959 73
2960 45
2961 45
2962 45
2963 65
2964 41
2965 73
2966 15
2967 9
2968 73
2969 45
2970 45
2971 3
2972 5
2973 40
2974 45
2975 5
2976 42
2977 65
2978 9
2979 25
2980 65
2981 75
2982 42
2983 3
2984 75
2985 5
2986 9
2987 73
2988 52
2989 30
2990 72
2991 5
2992 15
2993 75
2994 9
2995 9
2996 45
2997 9
2998 64
2999 73
3000 5
3001 14
3002 61
3003 75
3004 9
3005 64
3006 5
3007 45
3008 9
3009 65
3010 73
3011 43
3012 39
3013 5
3014 73
3015 75
3016 45
3017 81
3018 3
3019 9
3020 52
3021 15
3022 65
3023 45
3024 45
3025 52
3026 30
3027 75
3028 9
3029 9
3030 75
3031 5
3032 65
3033 73
3034 45
3035 59
3036 5
3037 9
3038 75
3039 52
3040 5
3041 75
3042 75
3043 3
3044 65
3045 64
3046 75
3047 65
3048 73
3049 52
3050 75
3051 64
3052 15
3053 42
3054 14
3055 65
3056 42
3057 75
3058 9
3059 52
3060 52
3061 42
3062 52
3063 65
3064 39
3065 9
3066 13
3067 30
3068 52
3069 42
3070 81
3071 9
3072 0
3073 9
3074 75
3075 5
3076 45
3077 69
3078 75
3079 3
3080 45
3081 65
3082 3
3083 5
3084 73
3085 65
3086 9
3087 3
3088 42
3089 5
3090 65
3091 14
3092 3
3093 5
3094 75
3095 9
3096 73
3097 5
3098 45
3099 73
3100 3
3101 42
3102 75
3103 45
3104 65
3105 75
3106 45
3107 75
3108 65
3109 3
3110 45
3111 70
3112 45
3113 65
3114 9
3115 0
3116 52
3117 3
3118 42
3119 52
3120 64
3121 75
3122 9
3123 52
3124 73
3125 65
3126 5
3127 30
3128 5
3129 5
3130 75
3131 75
3132 67
3133 65
3134 5
3135 5
3136 5
3137 45
3138 5
3139 25
3140 5
3141 52
3142 45
3143 73
3144 0
3145 65
3146 73
3147 75
3148 64
3149 74
3150 45
3151 75
3152 73
3153 75
3154 65
3155 5
3156 65
3157 75
3158 5
3159 75
3160 45
3161 65
3162 75
3163 9
3164 5
3165 65
3166 45
3167 9
3168 52
3169 15
3170 15
3171 65
3172 15
3173 59
3174 66
3175 59
3176 3
3177 65
3178 52
3179 45
3180 15
3181 5
3182 3
3183 65
3184 9
3185 5
3186 3
3187 75
3188 52
3189 9
3190 75
3191 64
3192 75
3193 31
3194 75
3195 75
3196 0
3197 77
3198 65
3199 52
3200 52
3201 73
3202 75
3203 9
3204 5
3205 65
3206 65
3207 5
3208 65
3209 42
3210 5
3211 7
3212 75
3213 42
3214 45
3215 42
3216 9
3217 75
3218 65
3219 65
3220 52
3221 14
3222 52
3223 45
3224 75
3225 52
3226 45
3227 15
3228 75
3229 5
3230 64
3231 5
3232 59
3233 53
3234 5
3235 9
3236 59
3237 3
3238 45
3239 75
3240 65
3241 52
3242 65
3243 52
3244 65
3245 52
3246 45
3247 5
3248 3
3249 31
3250 73
3251 65
3252 73
3253 63
3254 65
3255 75
3256 65
3257 42
3258 45
3259 45
3260 59
3261 73
3262 65
3263 52
3264 65
3265 52
3266 5
3267 61
3268 45
3269 75
3270 45
3271 52
3272 75
3273 15
3274 75
3275 73
3276 3
3277 52
3278 75
3279 45
3280 5
3281 75
3282 64
3283 65
3284 52
3285 9
3286 65
3287 73
3288 52
3289 65
3290 60
3291 22
3292 52
3293 45
3294 65
3295 9
3296 5
3297 65
3298 22
3299 52
3300 45
3301 40
3302 45
3303 14
3304 73
3305 52
3306 75
3307 65
3308 42
3309 59
3310 40
3311 3
3312 5
3313 32
3314 75
3315 45
3316 42
3317 65
3318 45
3319 9
3320 33
3321 15
3322 3
3323 0
3324 45
3325 3
3326 45
3327 7
3328 3
3329 15
3330 15
3331 9
3332 9
3333 65
3334 65
3335 75
3336 42
3337 65
3338 65
3339 40
3340 75
3341 75
3342 9
3343 31
3344 3
3345 30
3346 22
3347 64
3348 52
3349 45
3350 40
3351 9
3352 75
3353 5
3354 64
3355 75
3356 45
3357 52
3358 30
3359 45
3360 75
3361 75
3362 64
3363 52
3364 22
3365 9
3366 75
3367 65
3368 5
3369 52
3370 5
3371 5
3372 65
3373 3
3374 3
3375 15
3376 34
3377 42
3378 45
3379 59
3380 52
3381 9
3382 3
3383 55
3384 45
3385 5
3386 35
3387 65
3388 75
3389 45
3390 42
3391 75
3392 65
3393 9
3394 75
3395 50
3396 9
3397 65
3398 5
3399 42
3400 75
3401 73
3402 65
3403 3
3404 5
3405 65
3406 36
3407 9
3408 65
3409 65
3410 45
3411 52
3412 30
3413 14
3414 45
3415 75
3416 65
3417 75
3418 9
3419 9
3420 75
3421 45
3422 45
3423 40
3424 5
3425 52
3426 52
3427 45
3428 15
3429 75
3430 5
3431 75
3432 73
3433 5
3434 3
3435 14
3436 9
3437 5
3438 9
3439 5
3440 5
3441 45
3442 9
3443 52
3444 37
3445 52
3446 73
3447 61
3448 42
3449 5
3450 9
3451 65
3452 45
3453 52
3454 45
3455 9
3456 9
3457 66
3458 75
3459 9
3460 5
3461 65
3462 65
3463 75
3464 65
3465 65
3466 69
3467 75
3468 75
3469 64
3470 45
3471 65
3472 75
3473 14
3474 73
3475 15
3476 3
3477 61
3478 75
3479 3
3480 65
3481 4
3482 52
3483 75
3484 52
3485 45
3486 73
3487 59
3488 14
3489 52
3490 42
3491 75
3492 45
3493 28
3494 65
3495 75
3496 73
3497 45
3498 65
3499 65
3500 64
3501 52
3502 42
3503 75
3504 65
3505 9
3506 52
3507 5
3508 42
3509 75
3510 65
3511 75
3512 64
3513 9
3514 75
3515 75
3516 22
3517 15
3518 65
3519 9
3520 75
3521 64
3522 45
3523 52
3524 3
3525 65
3526 40
3527 75
3528 9
3529 7
3530 9
3531 3
3532 3
3533 9
3534 22
3535 45
3536 73
3537 65
3538 9
3539 53
3540 65
3541 38
3542 5
3543 3
3544 65
3545 45
3546 85
3547 73
3548 3
3549 3
3550 47
3551 9
3552 15
3553 25
3554 45
3555 75
3556 75
3557 42
3558 42
3559 42
3560 65
3561 45
3562 42
3563 52
3564 64
3565 45
3566 65
3567 45
3568 65
3569 3
3570 3
3571 14
3572 74
3573 9
3574 59
3575 3
3576 9
3577 75
3578 64
3579 54
3580 65
3581 52
3582 3
3583 45
3584 0
3585 45
3586 9
3587 73
3588 45
3589 52
3590 45
3591 42
3592 65
3593 59
3594 65
3595 45
3596 52
3597 65
3598 0
3599 64
3600 9
3601 45
3602 5
3603 75
3604 0
3605 75
3606 5
3607 65
3608 15
3609 5
3610 52
3611 65
3612 75
3613 65
3614 65
3615 3
3616 45
3617 15
3618 52
3619 73
3620 45
3621 65
3622 75
3623 22
3624 48
3625 52
3626 73
3627 73
3628 75
3629 64
3630 9
3631 9
3632 5
3633 75
3634 5
3635 52
3636 45
3637 39
3638 9
3639 52
3640 5
3641 9
3642 52
3643 40
3644 65
3645 75
3646 52
3647 42
3648 65
3649 9
3650 9
3651 59
3652 9
3653 75
3654 22
3655 5
3656 15
3657 65
3658 52
3659 65
3660 65
3661 45
3662 9
3663 34
3664 42
3665 15
3666 52
3667 9
3668 3
3669 65
3670 52
3671 40
3672 45
3673 45
3674 64
3675 0
3676 18
3677 26
3678 42
3679 75
3680 45
3681 65
3682 45
3683 5
3684 52
3685 75
3686 9
3687 52
3688 5
3689 45
3690 45
3691 73
3692 5
3693 9
3694 42
3695 75
3696 52
3697 5
3698 9
3699 45
3700 52
3701 65
3702 65
3703 3
3704 65
3705 75
3706 75
3707 0
3708 65
3709 65
3710 25
3711 45
3712 45
3713 64
3714 45
3715 75
3716 75
3717 9
3718 52
3719 40
3720 9
3721 73
3722 45
3723 45
3724 41
3725 75
3726 45
3727 9
3728 52
3729 64
3730 42
3731 3
3732 65
3733 45
3734 27
3735 45
3736 75
3737 9
3738 64
3739 52
3740 45
3741 45
3742 5
3743 65
3744 15
3745 58
3746 45
3747 75
3748 59
3749 3
3750 9
3751 9
3752 75
3753 65
3754 75
3755 52
3756 65
3757 5
3758 52
3759 3
3760 75
3761 45
3762 52
3763 42
3764 9
3765 3
3766 42
3767 75
3768 75
3769 75
3770 25
3771 52
3772 45
3773 75
3774 25
3775 9
3776 75
3777 75
3778 64
3779 75
3780 45
3781 73
3782 22
3783 65
3784 25
3785 75
3786 5
3787 45
3788 65
3789 15
3790 9
3791 73
3792 14
3793 3
3794 45
3795 21
3796 77
3797 52
3798 45
3799 59
3800 52
3801 9
3802 3
3803 32
3804 45
3805 40
3806 45
3807 9
3808 65
3809 5
3810 30
3811 45
3812 15
3813 45
3814 65
3815 45
3816 73
3817 45
3818 9
3819 59
3820 52
3821 9
3822 5
3823 45
3824 75
3825 9
3826 75
3827 74
3828 75
3829 9
3830 52
3831 64
3832 9
3833 5
3834 65
3835 45
3836 75
3837 73
3838 5
3839 52
3840 9
3841 45
3842 45
3843 3
3844 3
3845 5
3846 15
3847 5
3848 65
3849 64
3850 14
3851 5
3852 45
3853 75
3854 52
3855 5
3856 5
3857 64
3858 45
3859 45
3860 9
3861 3
3862 75
3863 34
3864 42
3865 64
3866 22
3867 9
3868 65
3869 65
3870 32
3871 65
3872 65
3873 9
3874 57
3875 73
3876 9
3877 45
3878 65
3879 52
3880 52
3881 45
3882 65
3883 52
3884 75
3885 16
3886 75
3887 9
3888 52
3889 62
3890 73
3891 3
3892 75
3893 30
3894 9
3895 9
3896 65
3897 0
3898 45
3899 5
3900 9
3901 45
3902 45
3903 41
3904 75
3905 40
3906 3
3907 34
3908 54
3909 73
3910 9
3911 45
3912 75
3913 51
3914 73
3915 45
3916 65
3917 3
3918 9
3919 65
3920 64
3921 52
3922 75
3923 65
3924 9
3925 64
3926 64
3927 64
3928 73
3929 35
3930 52
3931 9
3932 45
3933 16
3934 75
3935 75
3936 3
3937 75
3938 75
3939 9
3940 5
3941 3
3942 5
3943 75
3944 45
3945 75
3946 75
3947 3
3948 65
3949 75
3950 42
3951 73
3952 75
3953 45
3954 42
3955 15
3956 73
3957 52
3958 5
3959 18
3960 52
3961 65
3962 14
3963 30
3964 42
3965 9
3966 59
3967 45
3968 65
3969 3
3970 45
3971 42
3972 75
3973 73
3974 65
3975 65
3976 3
3977 75
3978 45
3979 59
3980 45
3981 68
3982 78
3983 59
3984 75
3985 20
3986 75
3987 52
3988 0
3989 65
3990 75
3991 9
3992 5
3993 26
3994 5
3995 45
3996 65
3997 75
3998 5
3999 52
4000 75
4001 0
4002 3
4003 65
4004 59
4005 73
4006 75
4007 9
4008 45
4009 43
4010 3
4011 52
4012 25
4013 65
4014 45
4015 3
4016 44
4017 65
4018 65
4019 30
4020 5
4021 58
4022 40
4023 40
4024 5
4025 0
4026 59
4027 65
4028 3
4029 75
4030 5
4031 31
4032 45
4033 15
4034 75
4035 75
4036 9
4037 45
4038 75
4039 65
4040 25
4041 52
4042 52
4043 75
4044 58
4045 65
4046 45
4047 9
4048 59
4049 9
4050 45
4051 46
4052 73
4053 73
4054 5
4055 65
4056 65
4057 52
4058 65
4059 9
4060 3
4061 75
4062 65
4063 5
4064 65
4065 64
4066 45
4067 8
4068 75
4069 65
4070 3
4071 45
4072 75
4073 65
4074 9
4075 9
4076 52
4077 20
4078 14
4079 65
4080 52
4081 52
4082 64
4083 65
4084 5
4085 52
4086 65
4087 5
4088 5
4089 15
4090 45
4091 45
4092 65
4093 52
4094 9
4095 9
4096 52
4097 45
4098 75
4099 52
4100 9
4101 9
4102 75
4103 65
4104 0
4105 3
4106 9
4107 9
4108 65
4109 45
4110 45
4111 73
4112 75
4113 65
4114 65
4115 5
4116 45
4117 75
4118 65
4119 75
4120 65
4121 52
4122 75
4123 9
4124 45
4125 9
4126 5
4127 45
4128 9
4129 78
4130 15
4131 45
4132 65
4133 45
4134 42
4135 65
4136 9
4137 9
4138 59
4139 73
4140 52
4141 45
4142 73
4143 5
4144 65
4145 59
4146 5
4147 45
4148 15
4149 3
4150 9
4151 75
4152 52
4153 4
4154 3
4155 3
4156 45
4157 59
4158 9
4159 3
4160 3
4161 65
4162 45
4163 9
4164 0
4165 5
4166 67
4167 22
4168 3
4169 5
4170 47
4171 65
4172 45
4173 3
4174 45
4175 64
4176 73
4177 3
4178 3
4179 65
4180 42
4181 52
4182 45
4183 61
4184 45
4185 64
4186 65
4187 5
4188 75
4189 73
4190 0
4191 65
4192 65
4193 5
4194 43
4195 42
4196 52
4197 42
4198 65
4199 31
4200 75
4201 40
4202 65
4203 11
4204 75
4205 3
4206 9
4207 45
4208 5
4209 30
4210 45
4211 9
4212 9
4213 45
4214 73
4215 52
4216 9
4217 52
4218 75
4219 65
4220 3
4221 52
4222 52
4223 45
4224 75
4225 52
4226 27
4227 9
4228 45
4229 3
4230 42
4231 65
4232 75
4233 65
4234 52
4235 73
4236 73
4237 5
4238 75
4239 65
4240 65
4241 5
4242 65
4243 5
4244 5
4245 54
4246 73
4247 75
4248 45
4249 3
4250 3
4251 0
4252 3
4253 45
4254 52
4255 3
4256 73
4257 52
4258 9
4259 45
4260 3
4261 52
4262 52
4263 45
4264 79
4265 45
4266 9
4267 65
4268 73
4269 5
4270 9
4271 65
4272 45
4273 9
4274 45
4275 9
4276 52
4277 65
4278 64
4279 15
4280 45
4281 65
4282 45
4283 75
4284 61
4285 25
4286 52
4287 73
4288 65
4289 9
4290 65
4291 40
4292 45
4293 42
4294 52
4295 52
4296 75
4297 3
4298 9
4299 41
4300 15
4301 59
4302 52
4303 65
4304 73
4305 31
4306 65
4307 52
4308 45
4309 75
4310 85
4311 3
4312 65
4313 45
4314 5
4315 42
4316 52
4317 65
4318 30
4319 9
4320 5
4321 75
4322 25
4323 9
4324 73
4325 65
4326 61
4327 14
4328 45
4329 45
4330 5
4331 73
4332 9
4333 73
4334 9
4335 65
4336 3
4337 75
4338 73
4339 35
4340 75
4341 15
4342 52
4343 73
4344 15
4345 9
4346 9
4347 48
4348 22
4349 45
4350 75
4351 65
4352 45
4353 65
4354 61
4355 45
4356 0
4357 45
4358 0
4359 5
4360 65
4361 75
4362 52
4363 52
4364 59
4365 65
4366 75
4367 8
4368 3
4369 3
4370 30
4371 45
4372 45
4373 65
4374 73
4375 9
4376 45
4377 65
4378 75
4379 3
4380 3
4381 64
4382 75
4383 3
4384 3
4385 9
4386 75
4387 9
4388 75
4389 42
4390 75
4391 42
4392 73
4393 75
4394 45
4395 14
4396 42
4397 3
4398 75
4399 45
4400 75
4401 0
4402 58
4403 75
4404 65
4405 3
4406 15
4407 65
4408 45
4409 73
4410 3
4411 73
4412 65
4413 65
4414 40
4415 80
4416 65
4417 75
4418 42
4419 9
4420 61
4421 3
4422 9
4423 45
4424 15
4425 9
4426 52
4427 3
4428 3
4429 65
4430 25
4431 64
4432 42
4433 9
4434 42
4435 42
4436 52
4437 3
4438 5
4439 42
4440 75
4441 10
4442 65
4443 45
4444 65
4445 15
4446 3
4447 30
4448 15
4449 75
4450 73
4451 5
4452 9
4453 75
4454 65
4455 42
4456 75
4457 3
4458 5
4459 65
4460 45
4461 65
4462 75
4463 23
4464 75
4465 40
4466 52
4467 65
4468 65
4469 65
4470 59
4471 52
4472 45
4473 61
4474 73
4475 15
4476 22
4477 45
4478 5
4479 65
4480 45
4481 3
4482 3
4483 15
4484 52
4485 40
4486 65
4487 65
4488 3
4489 45
4490 9
4491 45
4492 45
4493 5
4494 65
4495 0
4496 75
4497 45
4498 48
4499 75
4500 58
4501 73
4502 9
4503 45
4504 9
4505 3
4506 75
4507 65
4508 65
4509 3
4510 74
4511 5
4512 3
4513 3
4514 52
4515 9
4516 9
4517 45
4518 3
4519 75
4520 65
4521 45
4522 28
4523 75
4524 3
4525 75
4526 61
4527 75
4528 65
4529 52
4530 5
4531 75
4532 75
4533 9
4534 14
4535 65
4536 9
4537 42
4538 65
4539 42
4540 65
4541 15
4542 75
4543 73
4544 64
4545 75
4546 3
4547 14
4548 40
4549 75
4550 75
4551 75
4552 45
4553 15
4554 75
4555 15
4556 65
4557 65
4558 3
4559 3
4560 9
4561 75
4562 2
4563 65
4564 3
4565 5
4566 77
4567 75
4568 5
4569 75
4570 14
4571 45
4572 45
4573 65
4574 65
4575 75
4576 73
4577 5
4578 65
4579 40
4580 49
4581 3
4582 65
4583 5
4584 65
4585 65
4586 45
4587 75
4588 45
4589 14
4590 73
4591 0
4592 73
4593 75
4594 45
4595 45
4596 42
4597 66
4598 65
4599 45
4600 15
4601 45
4602 59
4603 73
4604 75
4605 75
4606 42
4607 75
4608 75
4609 76
4610 65
4611 3
4612 64
4613 52
4614 75
4615 73
4616 67
4617 2
4618 65
4619 52
4620 65
4621 73
4622 75
4623 73
4624 45
4625 41
4626 0
4627 3
4628 45
4629 5
4630 45
4631 45
4632 75
4633 3
4634 25
4635 24
4636 5
4637 52
4638 58
4639 45
4640 42
4641 52
4642 45
4643 45
4644 45
4645 30
4646 64
4647 3
4648 65
4649 45
4650 9
4651 52
4652 9
4653 5
4654 45
4655 9
4656 60
4657 5
4658 45
4659 52
4660 5
4661 9
4662 40
4663 75
4664 75
4665 65
4666 42
4667 0
4668 42
4669 73
4670 57
4671 73
4672 9
4673 52
4674 75
4675 9
4676 5
4677 75
4678 9
4679 75
4680 45
4681 65
4682 73
4683 5
4684 59
4685 9
4686 65
4687 45
4688 3
4689 52
4690 73
4691 45
4692 9
4693 52
4694 50
4695 14
4696 3
4697 75
4698 45
4699 3
4700 45
4701 5
4702 75
4703 9
4704 5
4705 3
4706 45
4707 52
4708 65
4709 9
4710 45
4711 5
4712 65
4713 75
4714 57
4715 5
4716 42
4717 64
4718 75
4719 3
4720 5
4721 65
4722 52
4723 42
4724 9
4725 52
4726 9
4727 45
4728 42
4729 59
4730 59
4731 52
4732 65
4733 3
4734 64
4735 52
4736 45
4737 3
4738 75
4739 75
4740 52
4741 73
4742 52
4743 45
4744 3
4745 52
4746 73
4747 75
4748 7
4749 42
4750 76
4751 9
4752 9
4753 52
4754 65
4755 5
4756 45
4757 65
4758 75
4759 65
4760 81
4761 75
4762 52
4763 75
4764 15
4765 9
4766 3
4767 75
4768 61
4769 75
4770 42
4771 52
4772 65
4773 75
4774 75
4775 52
4776 73
4777 58
4778 45
4779 73
4780 45
4781 52
4782 9
4783 75
4784 42
4785 75
4786 45
4787 55
4788 9
4789 75
4790 57
4791 45
4792 65
4793 45
4794 33
4795 51
4796 73
4797 65
4798 14
4799 9
4800 45
4801 3
4802 45
4803 40
4804 75
4805 3
4806 45
4807 3
4808 75
4809 65
4810 19
4811 52
4812 65
4813 65
4814 45
4815 75
4816 5
4817 14
4818 9
4819 53
4820 65
4821 52
4822 5
4823 73
4824 38
4825 45
4826 45
4827 68
4828 15
4829 30
4830 65
4831 73
4832 9
4833 5
4834 14
4835 75
4836 9
4837 65
4838 52
4839 15
4840 45
4841 65
4842 5
4843 65
4844 75
4845 5
4846 45
4847 59
4848 3
4849 45
4850 42
4851 65
4852 75
4853 42
4854 65
4855 3
4856 5
4857 9
4858 17
4859 45
4860 42
4861 40
4862 75
4863 59
4864 52
4865 5
4866 9
4867 52
4868 52
4869 45
4870 9
4871 73
4872 3
4873 52
4874 9
4875 42
4876 9
4877 3
4878 27
4879 3
4880 9
4881 5
4882 45
4883 65
4884 65
4885 9
4886 3
4887 5
4888 0
4889 52
4890 73
4891 65
4892 9
4893 42
4894 65
4895 9
4896 59
4897 5
4898 5
4899 42
4900 65
4901 65
4902 73
4903 45
4904 42
4905 59
4906 73
4907 45
4908 65
4909 45
4910 65
4911 3
4912 9
4913 65
4914 9
4915 75
4916 5
4917 65
4918 65
4919 65
4920 56
4921 52
4922 59
4923 52
4924 64
4925 75
4926 75
4927 45
4928 75
4929 15
4930 9
4931 42
4932 9
4933 3
4934 5
4935 65
4936 45
4937 3
4938 52
4939 9
4940 73
4941 15
4942 45
4943 75
4944 57
4945 65
4946 15
4947 45
4948 9
4949 9
4950 9
4951 45
4952 45
4953 75
4954 45
4955 75
4956 15
4957 52
4958 45
4959 22
4960 9
4961 75
4962 52
4963 59
4964 42
4965 81
4966 9
4967 65
4968 45
4969 45
4970 75
4971 75
4972 14
4973 45
4974 9
4975 73
4976 5
4977 73
4978 45
4979 65
4980 65
4981 45
4982 9
4983 73
4984 64
4985 45
4986 75
4987 75
4988 3
4989 9
4990 75
4991 75
4992 22
4993 31
4994 45
4995 73
4996 3
4997 75
4998 45
4999 75
5000 3
5001 5
5002 45
5003 75
5004 3
5005 73
5006 45
5007 9
5008 46
5009 11
5010 5
5011 75
5012 5
5013 75
5014 5
5015 75
5016 52
5017 45
5018 73
5019 65
5020 73
5021 52
5022 3
5023 42
5024 65
5025 45
5026 52
5027 45
5028 9
5029 5
5030 75
5031 73
5032 9
5033 65
5034 15
5035 5
5036 19
5037 45
5038 65
5039 0
5040 65
5041 75
5042 3
5043 9
5044 75
5045 9
5046 52
5047 42
5048 75
5049 75
5050 3
5051 3
5052 75
5053 5
5054 75
5055 3
5056 73
5057 73
5058 3
5059 45
5060 73
5061 60
5062 65
5063 65
5064 65
5065 5
5066 28
5067 75
5068 31
5069 3
5070 65
5071 65
5072 45
5073 9
5074 5
5075 73
5076 9
5077 65
5078 9
5079 65
5080 45
5081 5
5082 65
5083 3
5084 9
5085 52
5086 64
5087 5
5088 45
5089 30
5090 65
5091 75
5092 9
5093 65
5094 52
5095 45
5096 65
5097 65
5098 9
5099 75
5100 75
5101 65
5102 5
5103 3
5104 75
5105 83
5106 30
5107 75
5108 45
5109 40
5110 5
5111 65
5112 45
5113 73
5114 65
5115 0
5116 8
5117 8
5118 5
5119 79
5120 73
5121 65
5122 9
5123 59
5124 65
5125 75
5126 59
5127 9
5128 52
5129 3
5130 0
5131 3
5132 64
5133 73
5134 15
5135 40
5136 75
5137 73
5138 3
5139 9
5140 3
5141 75
5142 43
5143 5
5144 9
5145 42
5146 65
5147 65
5148 14
5149 45
5150 22
5151 65
5152 30
5153 2
5154 75
5155 45
5156 5
5157 3
5158 52
5159 75
5160 75
5161 65
5162 45
5163 45
5164 3
5165 0
5166 75
5167 52
5168 75
5169 42
5170 75
5171 75
5172 42
5173 15
5174 42
5175 52
5176 65
5177 45
5178 64
5179 3
5180 69
5181 72
5182 5
5183 45
5184 3
5185 22
5186 45
5187 65
5188 64
5189 52
5190 52
5191 3
5192 45
5193 3
5194 52
5195 45
5196 15
5197 45
5198 59
5199 65
5200 75
5201 52
5202 9
5203 73
5204 9
5205 9
5206 5
5207 45
5208 3
5209 65
5210 75
5211 9
5212 75
5213 55
5214 9
5215 5
5216 9
5217 9
5218 75
5219 3
5220 75
5221 9
5222 65
5223 3
5224 5
5225 9
5226 9
5227 9
5228 25
5229 45
5230 52
5231 8
5232 45
5233 45
5234 73
5235 5
5236 5
5237 45
5238 65
5239 36
5240 7
5241 73
5242 45
5243 5
5244 15
5245 9
5246 59
5247 5
5248 9
5249 9
5250 9
5251 3
5252 65
5253 40
5254 15
5255 52
5256 45
5257 65
5258 28
5259 15
5260 22
5261 9
5262 10
5263 3
5264 15
5265 3
5266 70
5267 45
5268 3
5269 65
5270 15
5271 65
5272 52
5273 52
5274 9
5275 9
5276 12
5277 5
5278 52
5279 65
5280 60
5281 73
5282 65
5283 73
5284 47
5285 73
5286 52
5287 59
5288 9
5289 5
5290 52
5291 75
5292 14
5293 73
5294 56
5295 9
5296 75
5297 75
5298 3
5299 57
5300 75
5301 52
5302 3
5303 3
5304 3
5305 15
5306 75
5307 75
5308 45
5309 9
5310 75
5311 59
5312 65
5313 75
5314 5
5315 9
5316 5
5317 65
5318 0
5319 73
5320 65
5321 3
5322 52
5323 9
5324 5
5325 65
5326 75
5327 65
5328 75
5329 45
5330 5
5331 61
5332 65
5333 3
5334 75
5335 75
5336 75
5337 75
5338 15
5339 9
5340 15
5341 43
5342 75
5343 75
5344 45
5345 3
5346 25
5347 64
5348 9
5349 3
5350 9
5351 45
5352 15
5353 52
5354 40
5355 42
5356 5
5357 75
5358 42
5359 45
5360 45
5361 3
5362 65
5363 65
5364 45
5365 52
5366 0
5367 65
5368 3
5369 65
5370 65
5371 15
5372 3
5373 40
5374 45
5375 15
5376 45
5377 3
5378 5
5379 9
5380 75
5381 45
5382 45
5383 40
5384 75
5385 42
5386 3
5387 65
5388 65
5389 31
5390 14
5391 5
5392 65
5393 25
5394 52
5395 65
5396 45
5397 45
5398 0
5399 65
5400 0
5401 75
5402 65
5403 65
5404 9
5405 75
5406 9
5407 9
5408 52
5409 57
5410 9
5411 9
5412 65
5413 58
5414 42
5415 31
5416 65
5417 75
5418 65
5419 75
5420 5
5421 75
5422 9
5423 59
5424 73
5425 9
5426 73
5427 58
5428 75
5429 45
5430 5
5431 65
5432 45
5433 65
5434 3
5435 52
5436 3
5437 3
5438 42
5439 5
5440 45
5441 52
5442 45
5443 45
5444 59
5445 45
5446 5
5447 73
5448 45
5449 45
5450 15
5451 42
5452 45
5453 75
5454 5
5455 45
5456 14
5457 45
5458 59
5459 9
5460 45
5461 65
5462 65
5463 45
5464 9
5465 3
5466 45
5467 15
5468 45
5469 9
5470 3
5471 73
5472 0
5473 75
5474 75
5475 75
5476 59
5477 9
5478 3
5479 65
5480 75
5481 60
5482 45
5483 69
5484 75
5485 45
5486 3
5487 9
5488 3
5489 3
5490 59
5491 64
5492 40
5493 75
5494 65
5495 22
5496 9
5497 75
5498 3
5499 52
5500 5
5501 75
5502 42
5503 65
5504 52
5505 45
5506 52
5507 52
5508 30
5509 65
5510 75
5511 9
5512 52
5513 61
5514 45
5515 52
5516 15
5517 52
5518 52
5519 65
5520 5
5521 52
5522 75
5523 65
5524 34
5525 75
5526 75
5527 52
5528 9
5529 3
5530 65
5531 73
5532 45
5533 45
5534 9
5535 52
5536 65
5537 65
5538 52
5539 52
5540 45
5541 61
5542 5
5543 9
5544 45
5545 52
5546 41
5547 59
5548 65
5549 9
5550 52
5551 75
5552 45
5553 45
5554 6
5555 9
5556 65
5557 9
5558 52
5559 65
5560 9
5561 45
5562 3
5563 75
5564 65
5565 5
5566 5
5567 73
5568 65
5569 9
5570 9
5571 45
5572 75
5573 75
5574 24
5575 42
5576 9
5577 5
5578 45
5579 75
5580 59
5581 9
5582 65
5583 75
5584 42
5585 3
5586 52
5587 73
5588 52
5589 62
5590 54
5591 9
5592 3
5593 75
5594 76
5595 52
5596 65
5597 75
5598 9
5599 9
5600 45
5601 52
5602 45
5603 45
5604 45
5605 3
5606 75
5607 68
5608 3
5609 9
5610 5
5611 3
5612 42
5613 45
5614 5
5615 45
5616 45
5617 45
5618 45
5619 73
5620 52
5621 34
5622 45
5623 3
5624 45
5625 9
5626 9
5627 40
5628 3
5629 45
5630 45
5631 52
5632 52
5633 52
5634 52
5635 75
5636 9
5637 52
5638 52
5639 75
5640 45
5641 52
5642 42
5643 45
5644 65
5645 45
5646 52
5647 0
5648 75
5649 61
5650 75
5651 65
5652 45
5653 42
5654 64
5655 9
5656 75
5657 75
5658 45
5659 45
5660 73
5661 3
5662 5
5663 9
5664 75
5665 9
5666 9
5667 40
5668 3
5669 65
5670 75
5671 15
5672 22
5673 75
5674 65
5675 64
5676 5
5677 58
5678 9
5679 65
5680 9
5681 5
5682 52
5683 42
5684 9
5685 75
5686 42
5687 9
5688 65
5689 45
5690 59
5691 3
5692 45
5693 59
5694 65
5695 75
5696 9
5697 59
5698 9
5699 45
5700 9
5701 52
5702 52
5703 65
5704 9
5705 0
5706 52
5707 9
5708 40
5709 75
5710 75
5711 45
5712 42
5713 65
5714 40
5715 73
5716 52
5717 65
5718 52
5719 3
5720 9
5721 75
5722 73
5723 42
5724 75
5725 45
5726 5
5727 59
5728 75
5729 65
5730 65
5731 42
5732 45
5733 75
5734 9
5735 52
5736 5
5737 73
5738 65
5739 73
5740 52
5741 5
5742 52
5743 9
5744 52
5745 42
5746 52
5747 65
5748 75
5749 9
5750 65
5751 52
5752 5
5753 66
5754 59
5755 30
5756 42
5757 14
5758 45
5759 65
5760 3
5761 42
5762 9
5763 52
5764 30
5765 64
5766 59
5767 73
5768 75
5769 65
5770 73
5771 3
5772 52
5773 59
5774 65
5775 73
5776 9
5777 9
5778 73
5779 59
5780 75
5781 73
5782 52
5783 45
5784 59
5785 9
5786 9
5787 3
5788 65
5789 15
5790 5
5791 73
5792 45
5793 63
5794 9
5795 42
5796 5
5797 65
5798 3
5799 73
5800 52
5801 5
5802 65
5803 75
5804 45
5805 45
5806 45
5807 3
5808 38
5809 49
5810 14
5811 75
5812 33
5813 50
5814 3
5815 5
5816 15
5817 65
5818 45
5819 3
5820 5
5821 75
5822 65
5823 9
5824 42
5825 3
5826 65
5827 65
5828 45
5829 75
5830 5
5831 65
5832 5
5833 59
5834 73
5835 52
5836 59
5837 52
5838 73
5839 75
5840 42
5841 73
5842 65
5843 5
5844 59
5845 75
5846 5
5847 5
5848 45
5849 17
5850 73
5851 30
5852 9
5853 65
5854 65
5855 52
5856 3
5857 42
5858 3
5859 9
5860 75
5861 75
5862 9
5863 9
5864 9
5865 75
5866 65
5867 45
5868 52
5869 65
5870 75
5871 45
5872 64
5873 0
5874 5
5875 64
5876 5
5877 75
5878 3
5879 42
5880 5
5881 45
5882 31
5883 9
5884 33
5885 65
5886 45
5887 3
5888 3
5889 3
5890 9
5891 27
5892 5
5893 42
5894 52
5895 25
5896 75
5897 9
5898 75
5899 45
5900 9
5901 75
5902 65
5903 75
5904 65
5905 75
5906 45
5907 52
5908 45
5909 5
5910 3
5911 61
5912 15
5913 9
5914 9
5915 65
5916 45
5917 41
5918 73
5919 9
5920 9
5921 5
5922 3
5923 57
5924 64
5925 5
5926 73
5927 73
5928 42
5929 45
5930 45
5931 9
5932 45
5933 73
5934 65
5935 9
5936 40
5937 65
5938 45
5939 5
5940 9
5941 61
5942 3
5943 9
5944 65
5945 63
5946 65
5947 59
5948 9
5949 52
5950 65
5951 45
5952 52
5953 65
5954 65
5955 45
5956 5
5957 42
5958 3
5959 65
5960 54
5961 59
5962 64
5963 75
5964 9
5965 52
5966 75
5967 59
5968 3
5969 9
5970 45
5971 73
5972 45
5973 66
5974 42
5975 52
5976 65
5977 75
5978 65
5979 75
5980 73
5981 3
5982 65
5983 3
5984 73
5985 75
5986 74
5987 5
5988 42
5989 45
5990 65
5991 9
5992 68
5993 5
5994 9
5995 5
5996 9
5997 3
5998 45
5999 3
6000 0
6001 42
6002 45
6003 75
6004 5
6005 3
6006 9
6007 65
6008 3
6009 73
6010 15
6011 45
6012 45
6013 75
6014 65
6015 45
6016 45
6017 65
6018 17
6019 52
6020 5
6021 3
6022 73
6023 65
6024 3
6025 52
6026 73
6027 5
6028 69
6029 42
6030 45
6031 65
6032 65
6033 0
6034 45
6035 75
6036 65
6037 65
6038 30
6039 3
6040 0
6041 73
6042 45
6043 75
6044 9
6045 52
6046 9
6047 45
6048 65
6049 9
6050 9
6051 7
6052 3
6053 3
6054 9
6055 40
6056 45
6057 9
6058 9
6059 73
6060 45
6061 2
6062 45
6063 9
6064 9
6065 5
6066 0
6067 45
6068 45
6069 45
6070 5
6071 75
6072 75
6073 42
6074 42
6075 45
6076 42
6077 65
6078 14
6079 9
6080 9
6081 75
6082 75
6083 15
6084 22
6085 3
6086 42
6087 52
6088 52
6089 75
6090 58
6091 5
6092 42
6093 52
6094 75
6095 9
6096 75
6097 6
6098 45
6099 32
6100 65
6101 45
6102 56
6103 75
6104 45
6105 65
6106 3
6107 45
6108 65
6109 3
6110 45
6111 45
6112 9
6113 45
6114 9
6115 75
6116 22
6117 40
6118 9
6119 73
6120 15
6121 39
6122 42
6123 3
6124 40
6125 9
6126 45
6127 59
6128 22
6129 45
6130 65
6131 75
6132 3
6133 45
6134 5
6135 9
6136 9
6137 3
6138 73
6139 75
6140 65
6141 65
6142 65
6143 65
6144 75
6145 76
6146 65
6147 65
6148 5
6149 3
6150 73
6151 45
6152 42
6153 3
6154 52
6155 64
6156 65
6157 9
6158 37
6159 31
6160 22
6161 42
6162 3
6163 52
6164 45
6165 5
6166 75
6167 64
6168 65
6169 9
6170 9
6171 52
6172 5
6173 25
6174 5
6175 45
6176 45
6177 52
6178 31
6179 45
6180 3
6181 9
6182 65
6183 5
6184 42
6185 9
6186 73
6187 5
6188 45
6189 52
6190 15
6191 64
6192 45
6193 65
6194 3
6195 9
6196 5
6197 75
6198 73
6199 45
6200 45
6201 64
6202 5
6203 52
6204 0
6205 65
6206 40
6207 5
6208 75
6209 3
6210 45
6211 69
6212 73
6213 9
6214 73
6215 42
6216 73
6217 42
6218 9
6219 65
6220 45
6221 67
6222 5
6223 65
6224 52
6225 59
6226 52
6227 71
6228 73
6229 5
6230 9
6231 5
6232 73
6233 64
6234 65
6235 15
6236 65
6237 75
6238 45
6239 3
6240 5
6241 59
6242 45
6243 73
6244 5
6245 9
6246 3
6247 40
6248 65
6249 42
6250 70
6251 5
6252 31
6253 73
6254 73
6255 64
6256 3
6257 52
6258 52
6259 15
6260 47
6261 75
6262 52
6263 45
6264 0
6265 65
6266 5
6267 9
6268 5
6269 45
6270 64
6271 64
6272 9
6273 45
6274 42
6275 3
6276 75
6277 75
6278 9
6279 9
6280 75
6281 52
6282 5
6283 3
6284 22
6285 73
6286 9
6287 42
6288 45
6289 69
6290 42
6291 65
6292 73
6293 73
6294 73
6295 65
6296 65
6297 15
6298 42
6299 5
6300 5
6301 65
6302 75
6303 59
6304 45
6305 5
6306 75
6307 60
6308 0
6309 9
6310 15
6311 45
6312 5
6313 75
6314 9
6315 9
6316 55
6317 45
6318 65
6319 9
6320 27
6321 42
6322 65
6323 45
6324 52
6325 35
6326 65
6327 55
6328 16
6329 5
6330 75
6331 52
6332 0
6333 65
6334 9
6335 69
6336 52
6337 73
6338 59
6339 45
6340 9
6341 3
6342 5
6343 65
6344 40
6345 59
6346 5
6347 45
6348 0
6349 3
6350 43
6351 65
6352 5
6353 75
6354 65
6355 73
6356 65
6357 5
6358 52
6359 5
6360 3
6361 65
6362 3
6363 5
6364 75
6365 3
6366 75
6367 45
6368 52
6369 65
6370 9
6371 82
6372 52
6373 75
6374 42
6375 52
6376 65
6377 45
6378 5
6379 64
6380 42
6381 65
6382 3
6383 45
6384 23
6385 82
6386 18
6387 65
6388 65
6389 65
6390 73
6391 65
6392 45
6393 59
6394 45
6395 3
6396 45
6397 5
6398 65
6399 52
6400 45
6401 52
6402 3
6403 65
6404 3
6405 65
6406 64
6407 71
6408 5
6409 65
6410 42
6411 5
6412 5
6413 9
6414 75
6415 52
6416 30
6417 73
6418 9
6419 5
6420 5
6421 52
6422 60
6423 42
6424 45
6425 45
6426 40
6427 5
6428 59
6429 75
6430 65
6431 52
6432 55
6433 45
6434 45
6435 45
6436 52
6437 65
6438 9
6439 40
6440 0
6441 5
6442 42
6443 75
6444 5
6445 75
6446 45
6447 3
6448 9
6449 5
6450 9
6451 3
6452 65
6453 22
6454 75
6455 42
6456 52
6457 65
6458 5
6459 75
6460 75
6461 40
6462 45
6463 9
6464 45
6465 75
6466 52
6467 65
6468 73
6469 45
6470 75
6471 59
6472 3
6473 65
6474 72
6475 73
6476 64
6477 75
6478 65
6479 45
6480 5
6481 59
6482 75
6483 45
6484 75
6485 27
6486 59
6487 75
6488 73
6489 75
6490 75
6491 45
6492 75
6493 52
6494 75
6495 73
6496 65
6497 45
6498 75
6499 40
6500 64
6501 45
6502 3
6503 9
6504 15
6505 9
6506 9
6507 65
6508 3
6509 45
6510 64
6511 45
6512 73
6513 22
6514 75
6515 73
6516 45
6517 42
6518 75
6519 75
6520 73
6521 65
6522 75
6523 7
6524 40
6525 65
6526 52
6527 9
6528 73
6529 5
6530 52
6531 52
6532 45
6533 45
6534 52
6535 71
6536 58
6537 73
6538 73
6539 75
6540 52
6541 73
6542 75
6543 65
6544 45
6545 64
6546 42
6547 52
6548 9
6549 52
6550 0
6551 79
6552 65
6553 65
6554 65
6555 65
6556 15
6557 65
6558 65
6559 65
6560 73
6561 15
6562 52
6563 73
6564 3
6565 42
6566 5
6567 45
6568 75
6569 3
6570 3
6571 45
6572 52
6573 3
6574 5
6575 5
6576 9
6577 9
6578 15
6579 65
6580 74
6581 9
6582 3
6583 75
6584 42
6585 65
6586 45
6587 64
6588 52
6589 9
6590 2
6591 51
6592 73
6593 5
6594 52
6595 65
6596 52
6597 75
6598 0
6599 9
6600 3
6601 65
6602 61
6603 16
6604 45
6605 75
6606 73
6607 65
6608 41
6609 9
6610 65
6611 3
6612 64
6613 65
6614 75
6615 65
6616 42
6617 52
6618 65
6619 75
6620 9
6621 75
6622 45
6623 64
6624 3
6625 75
6626 30
6627 9
6628 52
6629 52
6630 66
6631 9
6632 3
6633 65
6634 15
6635 9
6636 3
6637 5
6638 9
6639 65
6640 0
6641 40
6642 65
6643 52
6644 65
6645 5
6646 52
6647 0
6648 9
6649 65
6650 9
6651 73
6652 0
6653 75
6654 65
6655 75
6656 75
6657 0
6658 5
6659 5
6660 3
6661 5
6662 0
6663 45
6664 65
6665 65
6666 65
6667 65
6668 59
6669 31
6670 12
6671 45
6672 45
6673 9
6674 52
6675 73
6676 9
6677 75
6678 75
6679 52
6680 65
6681 65
6682 75
6683 73
6684 9
6685 18
6686 52
6687 5
6688 5
6689 65
6690 75
6691 3
6692 52
6693 75
6694 3
6695 65
6696 73
6697 65
6698 65
6699 9
6700 73
6701 45
6702 75
6703 21
6704 52
6705 75
6706 65
6707 65
6708 64
6709 5
6710 25
6711 75
6712 42
6713 75
6714 73
6715 45
6716 27
6717 9
6718 45
6719 75
6720 45
6721 5
6722 52
6723 45
6724 9
6725 42
6726 5
6727 45
6728 65
6729 73
6730 45
6731 0
6732 45
6733 5
6734 45
6735 0
6736 73
6737 65
6738 9
6739 42
6740 59
6741 41
6742 75
6743 40
6744 20
6745 61
6746 75
6747 73
6748 75
6749 9
6750 65
6751 65
6752 42
6753 65
6754 45
6755 5
6756 75
6757 64
6758 5
6759 75
6760 73
6761 3
6762 75
6763 45
6764 65
6765 40
6766 9
6767 45
6768 30
6769 46
6770 5
6771 52
6772 3
6773 45
6774 28
6775 3
6776 45
6777 15
6778 52
6779 36
6780 65
6781 37
6782 5
6783 73
6784 3
6785 42
6786 9
6787 75
6788 75
6789 65
6790 52
6791 9
6792 65
6793 15
6794 75
6795 3
6796 24
6797 65
6798 45
6799 64
6800 45
6801 75
6802 45
6803 75
6804 64
6805 75
6806 52
6807 75
6808 65
6809 9
6810 42
6811 30
6812 42
6813 14
6814 64
6815 42
6816 52
6817 41
6818 42
6819 3
6820 5
6821 65
6822 9
6823 45
6824 3
6825 21
6826 73
6827 14
6828 64
6829 45
6830 3
6831 45
6832 75
6833 50
6834 73
6835 40
6836 15
6837 75
6838 75
6839 45
6840 9
6841 65
6842 45
6843 9
6844 52
6845 5
6846 65
6847 9
6848 59
6849 65
6850 45
6851 75
6852 5
6853 52
6854 45
6855 9
6856 9
6857 65
6858 5
6859 45
6860 75
6861 9
6862 42
6863 65
6864 3
6865 75
6866 42
6867 5
6868 15
6869 5
6870 65
6871 75
6872 73
6873 75
6874 9
6875 42
6876 5
6877 45
6878 64
6879 75
6880 40
6881 75
6882 45
6883 75
6884 73
6885 52
6886 45
6887 73
6888 9
6889 52
6890 73
6891 65
6892 3
6893 40
6894 65
6895 75
6896 52
6897 65
6898 75
6899 9
6900 45
6901 68
6902 73
6903 5
6904 65
6905 15
6906 75
6907 3
6908 45
6909 73
6910 65
6911 30
6912 65
6913 9
6914 73
6915 3
6916 64
6917 65
6918 75
6919 52
6920 52
6921 9
6922 3
6923 75
6924 45
6925 75
6926 45
6927 27
6928 75
6929 3
6930 65
6931 65
6932 76
6933 57
6934 9
6935 52
6936 3
6937 22
6938 9
6939 70
6940 9
6941 3
6942 64
6943 9
6944 75
6945 75
6946 9
6947 73
6948 75
6949 9
6950 65
6951 9
6952 25
6953 65
6954 73
6955 9
6956 75
6957 3
6958 42
6959 42
6960 65
6961 75
6962 9
6963 3
6964 5
6965 3
6966 52
6967 5
6968 45
6969 5
6970 3
6971 45
6972 45
6973 52
6974 59
6975 65
6976 45
6977 75
6978 81
6979 73
6980 4
6981 77
6982 3
6983 45
6984 40
6985 9
6986 52
6987 9
6988 65
6989 32
6990 14
6991 5
6992 75
6993 42
6994 22
6995 3
6996 52
6997 75
6998 9
6999 9
7000 3
7001 42
7002 45
7003 75
7004 3
7005 75
7006 65
7007 63
7008 3
7009 15
7010 9
7011 75
7012 65
7013 45
7014 64
7015 5
7016 5
7017 65
7018 73
7019 9
7020 5
7021 9
7022 3
7023 52
7024 14
7025 75
7026 9
7027 5
7028 52
7029 45
7030 9
7031 5
7032 52
7033 42
7034 5
7035 73
7036 75
7037 75
7038 45
7039 64
7040 5
7041 3
7042 65
7043 42
7044 5
7045 73
7046 5
7047 64
7048 75
7049 38
7050 5
7051 3
7052 52
7053 52
7054 73
7055 65
7056 9
7057 9
7058 78
7059 42
7060 45
7061 46
7062 45
7063 48
7064 42
7065 9
7066 73
7067 5
7068 45
7069 76
7070 9
7071 22
7072 65
7073 73
7074 45
7075 65
7076 30
7077 45
7078 9
7079 52
7080 14
7081 15
7082 42
7083 75
7084 30
7085 45
7086 15
7087 9
7088 45
7089 9
7090 75
7091 65
7092 45
7093 9
7094 8
7095 14
7096 19
7097 75
7098 40
7099 59
7100 45
7101 3
7102 41
7103 9
7104 3
7105 3
7106 31
7107 65
7108 75
7109 5
7110 52
7111 52
7112 2
7113 0
7114 37
7115 24
7116 75
7117 75
7118 83
7119 52
7120 9
7121 64
7122 45
7123 75
7124 40
7125 9
7126 45
7127 65
7128 3
7129 75
7130 65
7131 45
7132 15
7133 3
7134 65
7135 79
7136 3
7137 45
7138 9
7139 42
7140 59
7141 42
7142 9
7143 25
7144 42
7145 9
7146 9
7147 52
7148 3
7149 0
7150 22
7151 75
7152 65
7153 3
7154 17
7155 3
7156 64
7157 3
7158 45
7159 5
7160 61
7161 42
7162 5
7163 15
7164 45
7165 9
7166 52
7167 5
7168 5
7169 65
7170 75
7171 65
7172 73
7173 45
7174 65
7175 9
7176 45
7177 75
7178 73
7179 65
7180 59
7181 65
7182 5
7183 45
7184 45
7185 52
7186 45
7187 65
7188 57
7189 5
7190 9
7191 45
7192 42
7193 5
7194 5
7195 73
7196 9
7197 52
7198 75
7199 3
7200 75
7201 5
7202 65
7203 65
7204 75
7205 52
7206 65
7207 3
7208 42
7209 75
7210 45
7211 77
7212 73
7213 73
7214 9
7215 64
7216 45
7217 2
7218 65
7219 40
7220 73
7221 3
7222 0
7223 45
7224 75
7225 45
7226 65
7227 64
7228 9
7229 73
7230 64
7231 45
7232 73
7233 40
7234 45
7235 45
7236 75
7237 65
7238 9
7239 42
7240 45
7241 52
7242 75
7243 0
7244 45
7245 75
7246 75
7247 65
7248 15
7249 3
7250 65
7251 9
7252 65
7253 65
7254 9
7255 73
7256 5
7257 42
7258 3
7259 7
7260 45
7261 15
7262 15
7263 65
7264 73
7265 80
7266 75
7267 45
7268 75
7269 65
7270 7
7271 75
7272 65
7273 75
7274 45
7275 45
7276 9
7277 65
7278 9
7279 3
7280 59
7281 7
7282 65
7283 45
7284 65
7285 65
7286 22
7287 0
7288 45
7289 75
7290 75
7291 3
7292 9
7293 65
7294 5
7295 75
7296 45
7297 45
7298 75
7299 0
7300 73
7301 75
7302 75
7303 45
7304 9
7305 65
7306 73
7307 65
7308 52
7309 75
7310 9
7311 52
7312 3
7313 52
7314 3
7315 42
7316 9
7317 5
7318 3
7319 42
7320 52
7321 45
7322 81
7323 9
7324 40
7325 9
7326 45
7327 45
7328 15
7329 82
7330 40
7331 45
7332 9
7333 73
7334 64
7335 73
7336 9
7337 3
7338 73
7339 75
7340 3
7341 3
7342 73
7343 52
7344 65
7345 52
7346 0
7347 65
7348 3
7349 65
7350 5
7351 59
7352 5
7353 65
7354 42
7355 45
7356 75
7357 8
7358 45
7359 14
7360 42
7361 64
7362 45
7363 65
7364 45
7365 3
7366 73
7367 45
7368 9
7369 5
7370 59
7371 42
7372 45
7373 9
7374 5
7375 65
7376 52
7377 9
7378 52
7379 65
7380 65
7381 9
7382 42
7383 45
7384 45
7385 9
7386 52
7387 59
7388 5
7389 73
7390 53
7391 65
7392 75
7393 73
7394 5
7395 9
7396 73
7397 45
7398 65
7399 45
7400 9
7401 9
7402 5
7403 45
7404 65
7405 64
7406 42
7407 73
7408 52
7409 65
7410 64
7411 45
7412 59
7413 9
7414 65
7415 2
7416 45
7417 36
7418 9
7419 52
7420 73
7421 75
7422 73
7423 9
7424 27
7425 65
7426 0
7427 45
7428 45
7429 65
7430 65
7431 84
7432 59
7433 65
7434 9
7435 45
7436 65
7437 75
7438 73
7439 3
7440 45
7441 75
7442 7
7443 75
7444 65
7445 57
7446 15
7447 73
7448 9
7449 3
7450 25
7451 75
7452 42
7453 52
7454 42
7455 52
7456 5
7457 9
7458 52
7459 73
7460 65
7461 9
7462 52
7463 75
7464 75
7465 75
7466 65
7467 40
7468 0
7469 5
7470 45
7471 83
7472 75
7473 75
7474 3
7475 0
7476 42
7477 64
7478 75
7479 75
7480 84
7481 45
7482 9
7483 59
7484 65
7485 45
7486 52
7487 9
7488 9
7489 5
7490 65
7491 45
7492 75
7493 85
7494 75
7495 9
7496 52
7497 9
7498 75
7499 75
7500 9
7501 44
7502 59
7503 75
7504 73
7505 0
7506 82
7507 65
7508 75
7509 14
7510 52
7511 65
7512 45
7513 15
7514 75
7515 15
7516 45
7517 65
7518 9
7519 73
7520 75
7521 65
7522 45
7523 75
7524 65
7525 75
7526 9
7527 75
7528 52
7529 65
7530 45
7531 65
7532 65
7533 42
7534 3
7535 75
7536 42
7537 75
7538 9
7539 52
7540 42
7541 65
7542 73
7543 3
7544 75
7545 73
7546 3
7547 65
7548 65
7549 3
7550 3
7551 73
7552 5
7553 45
7554 52
7555 49
7556 45
7557 81
7558 65
7559 52
7560 42
7561 3
7562 63
7563 75
7564 9
7565 45
7566 8
7567 10
7568 25
7569 9
7570 52
7571 3
7572 65
7573 52
7574 75
7575 65
7576 9
7577 52
7578 65
7579 0
7580 9
7581 5
7582 52
7583 31
7584 14
7585 58
7586 45
7587 9
7588 75
7589 56
7590 65
7591 15
7592 73
7593 52
7594 80
7595 9
7596 52
7597 52
7598 40
7599 75
7600 52
7601 75
7602 9
7603 52
7604 64
7605 14
7606 65
7607 52
7608 75
7609 31
7610 9
7611 65
7612 45
7613 75
7614 52
7615 5
7616 53
7617 59
7618 9
7619 45
7620 76
7621 65
7622 52
7623 64
